1001 0.02 RH1TG035-x
-2.50
-2.51
-2.19
-3.29
-1.06
-3.85
-1.88
-2.09
-3.71
-1.08
-3.34
-1.55
-3.74
2.59
-10.45
-0.88
3.58
-7.54
-5.83
2.61
2.89
3.43
-16.56
9.35
-8.43
-12.77
-5.62
-2.27
6.55
14.75
14.20
-5.66
-16.18
-29.69
-8.80
-10.74
-8.13
-7.14
8.88
3.08
12.58
-18.97
25.29
26.15
10.61
1.02
0.92
-13.51
-12.15
7.55
-7.84
-6.48
56.12
48.43
-8.03
-14.28
22.14
13.44
15.12
39.58
-7.50
36.54
74.18
-17.77
-37.51
-0.75
22.02
-3.41
13.09
4.78
-57.94
-42.85
-30.64
-75.36
-51.11
21.11
-34.67
25.64
7.34
56.65
37.28
24.72
26.02
93.48
-28.89
0.26
51.27
58.09
100.00
44.03
-27.06
-76.86
-39.28
-34.90
-71.07
-66.81
-26.86
-27.94
-16.17
-46.35
-70.70
11.82
0.50
40.13
5.26
39.90
3.58
-82.54
-77.79
16.52
-43.78
-35.92
-18.23
39.64
45.19
25.97
-13.35
-13.40
-5.41
61.76
22.14
12.69
73.71
52.85
36.66
24.90
-10.98
0.80
-1.24
-23.67
-16.84
-79.62
-51.36
6.42
40.08
-13.03
13.52
45.84
36.17
-13.25
74.95
23.00
-0.40
-4.58
-35.35
-25.14
3.80
-45.43
-59.82
-63.31
-27.33
48.27
64.86
62.49
52.51
50.97
12.40
-30.35
-4.45
22.26
5.74
33.49
-13.83
52.86
77.48
71.44
56.63
36.65
33.77
22.06
-30.65
-12.04
-7.47
42.08
45.57
10.51
-13.57
31.86
41.05
32.48
28.29
0.43
13.90
8.09
4.52
-5.34
28.28
52.18
13.54
-40.92
-69.52
-76.34
-55.33
-60.65
-41.49
29.21
44.15
14.54
13.28
6.09
18.22
25.02
-11.05
-48.90
-38.19
-34.19
-50.08
-57.98
-5.24
29.96
-24.69
14.55
2.30
33.13
36.91
20.99
9.46
21.91
-3.24
-7.89
-28.62
-49.06
2.32
-0.35
22.07
47.10
54.70
41.30
7.74
-28.21
-18.63
-14.78
19.94
5.82
27.58
58.48
-12.12
-62.30
-50.32
-59.42
-47.40
-36.21
-31.21
-1.89
-4.95
-6.04
-20.32
-22.35
-0.45
2.49
46.39
12.45
-45.07
-35.39
3.40
25.91
27.21
5.18
-16.63
18.17
-8.34
-57.02
-60.02
-51.30
-42.20
-23.57
-31.87
-57.27
-76.57
-37.10
-21.27
-34.26
-30.24
-41.36
-21.39
19.06
-19.84
-49.12
-35.86
-23.61
-13.60
-13.26
-36.29
18.18
74.37
57.80
25.05
-6.33
-1.14
17.95
10.62
4.91
-14.93
-50.35
-42.56
-52.42
-41.34
-71.10
-42.76
11.98
28.43
6.00
8.60
15.92
37.06
48.03
29.60
16.55
6.12
2.82
-8.39
-31.04
-42.20
-32.63
2.26
6.83
4.16
-7.64
-5.98
-9.97
-26.57
1.89
28.12
46.80
44.59
13.39
-4.79
-15.59
-22.09
-27.12
-3.44
9.90
13.33
-16.98
-52.46
-48.53
-40.18
-30.09
-39.56
-47.74
-37.11
-8.49
9.25
3.18
-2.62
16.65
42.28
53.77
40.80
18.43
15.17
28.74
15.70
-15.36
-32.69
-27.24
-6.88
-22.82
-46.75
-45.24
-31.13
-3.17
12.26
11.29
2.05
-9.98
9.40
14.07
1.21
-6.31
0.35
9.58
18.89
13.83
-4.41
-1.58
1.48
1.80
8.40
19.69
11.57
0.78
17.53
18.55
13.06
6.50
9.77
19.99
21.00
20.80
11.80
6.52
9.95
14.91
-3.47
-15.81
-10.47
-2.07
1.55
-5.40
-6.00
10.05
29.64
42.89
41.57
39.55
34.98
29.16
16.63
5.65
11.59
23.05
37.71
31.46
23.59
16.13
11.08
18.02
26.72
19.35
2.27
-2.81
5.69
7.37
-2.54
1.42
22.04
25.28
25.58
28.77
29.28
36.64
41.09
35.95
22.26
5.61
-1.86
-10.34
-14.22
-8.54
-6.42
-6.82
2.76
3.41
3.79
3.36
-3.01
-12.83
-20.17
-19.88
-14.08
-10.60
-14.55
-12.05
-7.75
-10.98
-11.14
-14.82
-13.42
-8.52
-0.84
2.17
4.78
1.23
-5.40
-5.59
4.84
8.18
2.91
3.45
8.97
8.60
9.19
0.85
-9.92
-7.91
-11.57
-15.29
-19.11
-20.11
-18.71
-10.07
2.23
14.04
20.10
17.80
21.99
22.77
17.53
14.15
8.10
0.21
-1.90
-3.76
-4.19
-5.71
-3.94
-4.47
-3.71
-0.04
1.87
4.28
8.89
10.39
-1.28
-1.44
-1.99
1.88
4.43
6.67
9.78
13.51
16.82
17.18
11.56
7.80
6.71
2.27
-9.65
-17.02
-15.05
-10.00
-7.06
0.87
11.07
18.55
23.29
23.55
23.32
21.71
17.06
12.26
8.49
-2.76
-13.78
-20.92
-20.34
-22.38
-21.31
-13.67
-9.46
-3.28
3.06
5.42
6.07
5.78
3.38
2.19
-3.69
-8.16
-8.48
-9.30
-12.47
-14.04
-16.41
-13.70
-7.49
-3.01
-5.08
-6.51
-8.72
-12.41
-15.67
-16.84
-15.79
-11.57
-7.13
-6.04
-2.56
1.77
3.17
2.48
0.46
-3.31
-9.56
-14.02
-17.59
-20.98
-24.24
-25.20
-21.38
-15.37
-7.25
-2.03
2.56
6.00
9.29
9.85
4.52
-0.22
-1.02
-2.26
-4.05
-5.35
-5.07
-0.96
2.95
2.96
1.13
2.09
5.20
6.61
4.24
-0.17
-1.77
-2.37
-0.96
0.77
2.62
2.54
2.14
2.65
4.05
3.69
2.73
-0.10
-1.98
-2.71
-6.20
-9.60
-10.24
-8.40
-4.94
-0.66
1.41
4.02
6.68
10.08
9.95
7.37
4.18
-1.10
-6.46
-11.34
-13.50
-13.72
-13.85
-12.79
-9.41
-5.97
-2.67
0.86
4.88
7.41
8.48
8.10
8.40
6.26
1.91
-1.01
-2.57
-3.67
-5.46
-8.07
-10.23
-9.92
-9.16
-8.59
-9.90
-11.53
-11.82
-10.40
-8.58
-7.07
-4.43
-1.76
2.42
4.72
5.54
4.74
3.66
2.72
2.12
1.74
1.30
0.51
-0.93
-1.34
-1.61
0.01
3.35
6.14
9.20
12.07
14.00
15.42
16.19
15.83
14.80
12.27
9.44
6.42
2.44
-1.19
-4.24
-6.09
-6.57
-5.77
-4.27
-1.90
1.11
4.80
6.25
5.77
6.56
8.07
10.14
12.07
12.88
12.45
11.07
9.65
8.15
7.30
6.80
6.86
6.33
5.27
3.37
1.98
1.31
1.73
2.92
3.75
3.88
3.59
3.28
2.05
1.53
1.36
1.76
2.62
1.55
-0.48
-2.34
-3.40
-3.72
-2.94
-1.30
-0.30
-0.05
0.56
1.87
3.16
4.37
5.73
7.06
7.82
7.16
6.13
4.74
2.76
0.95
-0.50
-1.82
-2.51
-2.62
-2.35
-2.19
-2.49
-2.98
-2.80
-2.42
-1.62
-1.13
-0.66
-0.50
-0.23
0.59
1.84
2.92
3.39
3.34
2.10
-0.08
-1.53
-2.38
-2.65
-2.30
-1.76
-1.35
-0.79
-0.20
0.39
1.27
2.48
3.70
4.48
4.91
4.70
4.29
3.66
2.86
2.30
2.08
2.19
2.22
2.10
2.27
2.90
3.66
4.66
5.30
5.31
5.25
4.88
4.31
3.90
3.71
3.34
2.73
2.33
1.65
0.66
-0.25
-0.51
0.20
0.39
-0.02
-0.65
-1.18
-1.51
-1.81
-2.02
-2.07
-1.94
-1.63
-1.35
-1.04
-0.89
-1.22
-1.52
-1.61
-2.26
-3.11
-3.73
-4.25
-4.30
-4.22
-3.96
-3.98
-3.97
-3.75
-3.68
-3.94
-4.47
-4.79
-4.70
-4.48
-4.56
-4.67
-4.84
-5.18
-5.28
-4.98
-4.51
-4.19
-4.14
-4.01
-4.06
-4.14
-4.06
-3.81
-3.40
-2.95
-2.68
-2.77
-3.11
-3.55
-3.83
-4.02
-4.11
-4.09
-3.94
-3.75
-3.54
-3.41
-3.07
-2.72
-2.51
-2.40
-2.35
-2.38
-2.39
-2.30
-2.22
-2.04
-1.61
-1.25
-1.16
-1.11
-0.93
-0.75
-0.56
-0.33
-0.20
0.05
0.32
0.27
0.10
0.06
0.08
0.04
0.00
-0.13
-0.46
-0.77
-1.06
-1.41
-1.62
-1.63
-1.65
-1.54
-1.38
-1.11
-0.88
-0.69
-0.48
-0.20
-0.17
-0.10
0.12
0.38
0.67
0.74
0.56
0.24
-0.02
-0.28
-0.60
-0.88
-1.05
-1.19
-1.32
-1.50
-1.67
-1.68
-1.63
-1.54
-1.49
-1.43
-1.49
-1.73
-1.93
-1.97
-2.07
-2.15
-2.15
-2.03
-1.89
-1.81
-1.81
-1.81
-1.76
-1.61
-1.50
-1.40
-1.21
-1.06
-0.97
-0.93
-0.96
-0.99
-1.04
-1.13
-1.24
-1.42
-1.54
-1.53
-1.47
-1.45
-1.40
-1.30
-1.23
-1.20
-1.08
-1.04
-1.06
-1.11
-1.21
-1.29
-1.34
-1.46
-1.61
-1.72
-1.74
-1.63
-1.47
-1.32
-1.20
-1.11
-1.09
-1.13
-1.14
-1.11
-1.08
-1.02
-0.99
-0.88
-2.04
-0.58
