1001 0.02 RH1TG035-y
1.78
1.79
1.59
2.29
0.68
3.24
0.25
2.69
1.82
0.77
3.65
-2.04
9.13
-6.57
6.28
1.19
5.84
-3.52
-6.91
9.39
13.69
-2.22
-15.74
3.44
6.12
15.65
2.26
-6.68
-16.76
22.66
-10.45
-14.28
10.15
19.43
25.41
-6.99
-16.16
-48.39
-39.30
-26.41
16.01
15.40
32.36
51.73
45.10
40.28
-0.06
-37.03
8.11
3.75
-28.44
-20.45
-25.08
4.32
-74.83
-42.66
-15.15
1.93
40.05
25.96
42.75
13.51
69.86
-9.56
12.16
24.90
30.46
54.53
8.88
64.92
-15.47
-18.98
-36.41
-40.70
-53.83
-36.69
-7.89
-6.70
-6.18
-45.67
-53.67
-98.76
18.42
31.12
22.19
16.52
33.04
5.67
14.08
0.77
95.57
15.86
-10.88
-25.45
-42.09
20.67
-12.83
36.24
32.95
18.16
4.89
22.39
67.50
88.11
-3.03
2.08
34.26
-52.31
-63.52
-7.36
-56.13
-39.87
-65.38
-16.84
23.74
19.35
35.52
-59.07
-11.90
32.51
8.35
-12.01
-45.20
13.71
14.63
-26.45
-9.97
-33.02
-21.76
8.31
32.55
100.00
24.69
-48.41
-29.06
9.32
-14.02
0.30
28.85
11.54
40.83
13.64
-7.18
-23.37
23.96
76.87
8.67
11.69
10.26
-8.06
-61.71
-52.80
-54.65
-48.65
-34.98
-34.11
15.41
11.89
-14.31
18.05
0.91
16.92
-0.96
22.78
-11.75
22.60
97.09
64.30
36.50
2.35
18.03
-54.75
-68.72
-49.32
-59.38
-28.09
41.08
25.52
-12.90
29.96
51.98
6.85
-14.67
-15.06
18.05
-19.16
-48.67
-30.33
-72.78
-33.61
-19.31
11.38
-26.83
13.00
38.05
7.23
-3.77
-1.40
3.69
-50.68
-57.94
-44.09
-47.81
-45.58
-53.28
8.75
1.14
-37.79
-41.70
-65.19
-17.42
-39.46
-15.06
-21.27
-7.03
9.51
-4.01
-18.96
-4.20
30.27
71.04
52.64
31.95
25.32
0.72
-0.32
24.97
71.46
16.63
54.61
81.66
47.78
8.43
-7.82
28.04
-0.13
-63.27
-54.85
-50.89
-10.71
-12.14
-24.20
-22.47
7.11
61.26
10.80
4.04
35.73
58.21
34.75
43.93
53.93
60.48
33.13
-36.67
-43.54
-75.85
-44.68
-8.86
-10.38
-28.07
-5.48
46.56
16.49
-3.48
-2.98
-3.62
15.71
12.37
-18.69
-23.78
-22.49
-9.18
-24.29
-37.42
-9.45
-1.17
-35.33
-10.75
2.21
-6.67
-21.57
-14.59
23.50
-7.47
-7.78
6.48
47.73
70.43
28.83
-22.93
-1.58
38.16
52.53
9.80
-47.14
-20.04
-0.46
11.44
-11.41
-33.55
-15.68
-10.98
-5.78
-11.16
-33.09
-20.56
-23.84
-29.94
-26.30
-27.29
-25.64
-5.82
15.92
-1.05
-17.43
1.27
46.57
43.62
8.66
-35.94
-27.41
10.38
-15.53
-24.63
-48.47
-46.34
-10.57
-9.69
-0.70
14.59
48.92
70.87
65.22
80.21
76.34
33.47
0.07
-10.01
7.47
10.13
-9.66
-4.21
-10.31
-11.19
6.89
-0.32
-5.80
8.06
22.54
0.33
-35.45
-16.60
7.94
9.87
19.73
23.07
35.09
40.33
26.00
5.63
-22.92
-26.46
-13.76
0.72
3.43
-3.01
-12.60
3.73
33.37
49.42
47.43
30.35
35.42
33.00
17.10
0.71
-10.17
-9.69
-12.13
-23.21
-29.09
-25.14
-6.06
0.38
5.50
27.79
44.92
47.86
40.64
38.15
20.66
19.22
21.38
13.97
16.48
12.70
10.79
0.41
8.40
23.55
37.83
28.77
10.02
13.02
7.34
-3.53
-22.39
-23.22
-8.52
6.87
10.34
-1.58
2.07
1.36
4.15
9.10
20.28
29.59
12.72
3.51
-4.74
3.18
-0.13
-5.89
-7.01
0.28
0.88
-11.79
-14.18
-3.74
2.07
-4.33
2.18
8.64
12.96
11.19
8.35
8.06
8.70
11.98
12.11
4.79
-2.59
-11.81
-12.49
-15.34
-19.45
-27.94
-38.06
-38.46
-28.26
-15.03
-1.34
13.15
17.10
19.02
23.48
32.00
24.48
10.04
9.20
5.64
-14.35
-32.67
-38.95
-37.78
-36.40
-42.37
-39.08
-24.37
-13.88
-14.76
-23.74
-20.26
-6.67
1.18
-6.51
-10.07
-1.29
0.57
-3.23
-6.57
1.38
-0.28
-6.11
-5.09
-6.77
-3.86
-6.97
-8.50
-16.93
-14.25
-8.22
-8.61
-6.49
-6.89
-9.83
-16.27
-9.80
-4.95
-10.77
-19.27
-18.43
-11.42
-11.89
-17.57
-19.42
-16.57
-12.12
-16.23
-17.22
-14.54
-7.10
-3.38
-6.05
-6.20
-5.45
-5.56
-11.60
-14.32
-12.54
-13.58
-16.04
-14.27
-9.57
-7.13
-8.86
-6.90
-4.65
-5.10
-7.31
-8.36
-7.75
-4.70
-5.64
-8.14
-6.12
-2.69
-2.96
-7.72
-6.62
-3.58
-5.38
-9.75
-11.16
-7.68
-4.81
-4.97
-4.33
-0.32
5.32
6.30
1.44
2.77
8.15
7.45
4.48
5.59
14.05
16.42
11.54
7.90
4.17
-1.08
-6.68
-9.43
-8.05
-5.16
-5.93
-5.76
-2.68
2.24
2.15
1.45
2.19
7.77
6.23
1.17
2.42
5.16
6.59
1.97
3.90
7.05
9.25
7.07
5.03
4.06
4.89
6.79
5.60
8.02
12.58
15.51
14.31
12.28
13.15
13.59
13.48
12.33
9.66
7.40
4.76
2.73
-0.41
1.21
3.93
3.83
2.64
2.26
2.65
1.03
2.37
5.78
9.20
11.99
13.13
13.58
12.99
11.58
11.40
12.52
12.75
11.06
8.67
6.84
6.23
5.55
5.16
5.17
6.63
8.49
6.54
4.65
4.02
2.06
0.13
0.90
3.98
5.54
5.72
5.52
4.29
3.50
4.48
6.76
6.98
6.48
6.73
5.38
3.89
3.12
3.10
3.13
4.27
3.84
2.22
2.33
3.62
4.56
4.58
5.28
5.90
7.14
7.58
6.65
5.71
5.99
6.91
5.67
2.90
-0.25
-1.97
-2.24
-2.51
-2.80
-3.61
-4.29
-4.93
-6.15
-7.45
-6.70
-5.03
-5.19
-5.79
-4.97
-2.85
-1.52
0.01
1.41
1.85
2.97
3.05
2.06
1.43
1.43
1.15
0.73
0.93
0.89
-0.65
-3.22
-5.04
-6.27
-7.50
-8.95
-9.74
-9.55
-9.34
-8.46
-7.13
-5.28
-3.86
-3.43
-3.34
-3.05
-2.29
-1.35
-0.55
-0.18
-0.12
-0.05
-0.33
-1.19
-1.50
-1.56
-2.40
-3.84
-4.94
-5.59
-5.75
-5.59
-4.66
-2.76
-0.70
0.68
0.39
-0.41
-0.25
-0.11
-1.32
-2.97
-3.96
-4.76
-5.61
-6.40
-6.37
-5.81
-5.23
-5.23
-5.81
-6.07
-5.83
-5.10
-4.76
-3.91
-2.58
-2.05
-1.23
-0.54
0.94
1.68
2.10
3.06
2.96
2.05
0.59
-0.37
-1.22
-1.45
-1.60
-2.18
-3.07
-3.96
-4.85
-5.81
-5.84
-5.19
-4.41
-3.52
-2.52
-1.87
-1.80
-1.13
0.07
0.11
-0.57
-0.87
-0.59
-0.64
-1.01
-1.16
-1.22
-1.03
-1.34
-1.70
-1.76
-1.48
-1.24
-1.84
-2.65
-2.96
-3.04
-3.05
-2.42
-0.76
0.94
2.08
2.57
2.35
1.72
1.09
0.20
-0.98
-1.61
-1.84
-2.00
-2.39
-2.43
-2.22
-1.70
-1.04
-0.56
-0.13
0.20
0.54
0.53
0.31
0.41
1.35
2.70
3.75
4.77
5.73
6.24
5.99
5.19
4.34
3.45
2.67
1.73
0.97
0.47
0.04
-0.39
-0.88
-1.28
-1.76
-1.80
-1.63
-1.49
-1.49
-1.32
-0.71
-0.03
0.32
0.47
0.87
1.43
1.99
2.27
2.27
2.18
2.27
2.15
2.00
2.06
2.22
2.26
1.94
1.37
0.61
-0.01
-0.29
-0.14
0.21
0.73
1.36
1.90
2.23
2.21
1.98
1.86
1.70
1.40
1.08
0.79
0.52
0.05
-0.28
-0.37
-0.26
0.03
0.33
0.65
0.92
1.25
1.37
1.50
1.69
1.92
2.16
2.30
2.45
2.35
2.15
1.87
1.56
1.25
1.02
0.89
0.79
0.65
0.41
0.12
-0.16
-0.13
0.02
0.15
0.28
0.42
0.51
0.60
0.72
0.98
1.07
1.03
0.93
0.84
0.88
0.91
1.03
1.16
1.25
1.33
1.46
1.68
1.90
1.92
1.91
1.89
1.71
1.50
1.37
1.18
1.01
0.85
0.80
0.85
0.91
0.95
0.86
0.83
0.89
0.90
0.86
0.78
0.79
0.81
0.76
0.72
0.66
0.64
0.69
0.82
1.02
1.08
0.99
0.94
0.94
0.94
0.96
1.03
1.09
1.17
1.21
1.20
1.19
1.26
1.39
1.43
1.44
1.43
1.36
1.21
1.07
0.93
0.82
0.74
0.70
0.72
0.75
0.76
0.80
0.84
0.88
0.91
0.96
0.36
1.09
