1001 0.02 RH1TG035-z
0.11
0.09
0.16
-0.05
0.27
-0.06
0.15
0.49
-0.30
0.01
0.57
-0.98
2.34
-3.03
2.87
-1.07
-0.19
1.56
-2.49
3.28
-1.03
-1.25
2.52
-1.25
-3.01
6.17
1.40
-8.06
6.88
0.62
-7.60
2.93
11.31
-13.85
3.01
11.80
-6.26
3.01
-15.25
15.73
-2.98
11.62
11.59
-6.18
6.58
-3.84
-6.42
-6.33
-10.77
-21.84
5.59
6.00
2.00
-19.29
-20.92
-5.36
37.96
12.01
-30.18
23.88
-25.73
33.26
44.44
-38.32
-44.47
-10.92
33.64
21.77
15.52
-9.35
-12.89
-17.00
-63.14
-25.98
-25.44
19.90
23.68
23.35
-49.38
8.52
-17.00
31.19
66.97
5.38
57.48
30.66
39.70
33.43
16.19
2.23
-11.50
16.03
-47.30
-27.47
-14.39
-3.41
56.80
-30.95
-44.97
-27.91
-25.31
7.89
7.06
23.40
46.83
3.75
42.43
78.08
-1.84
43.53
29.47
15.64
28.16
-1.19
-22.12
-40.94
-49.19
2.25
-29.78
-55.15
-25.25
30.38
6.30
-25.72
8.00
3.75
36.37
25.57
17.55
44.88
10.33
-22.28
-40.62
22.22
-32.30
-43.67
7.95
35.88
58.61
88.43
100.00
67.42
55.14
13.49
54.05
65.17
71.18
1.96
-55.07
-38.94
-6.12
-10.24
-3.63
5.88
26.47
20.90
-14.64
-75.14
-73.40
-2.06
-10.98
-20.60
31.30
-41.80
15.02
40.87
24.05
42.31
1.66
-3.23
-51.90
-25.15
-42.84
-56.04
-20.52
-11.28
-14.65
-8.09
-48.07
5.93
-3.95
28.28
6.60
-47.77
-20.02
-36.44
-10.28
40.75
21.64
26.27
35.62
4.51
16.34
-26.60
-50.64
-9.22
-8.62
-27.79
-61.55
-35.81
-30.88
-5.09
-10.72
-19.47
-5.00
-12.98
-26.04
-25.17
-39.18
-24.55
7.16
-33.07
39.71
22.97
28.26
-0.53
-41.13
22.19
-14.98
-50.92
-70.69
-40.70
-35.09
-33.21
-20.77
-46.71
-29.04
-55.50
-45.28
42.75
14.50
-23.70
1.67
15.48
15.07
37.36
5.64
-1.68
20.12
36.28
37.29
-9.38
-9.30
16.59
26.14
31.05
16.68
-36.99
-23.95
-15.52
-2.59
-1.49
-45.15
-46.27
-31.96
1.65
-20.00
-22.46
-15.66
-1.79
4.79
-30.97
-61.50
-59.80
10.23
11.94
33.17
67.74
69.46
11.89
21.12
57.40
-15.71
-49.07
-56.14
-33.79
-26.87
-4.41
45.93
32.67
23.26
-11.29
-12.76
-27.49
7.76
23.81
25.90
45.02
6.09
-3.99
-26.30
-19.31
-24.42
-43.26
-54.38
-39.06
-27.30
-23.07
4.15
0.10
-5.90
-3.93
-9.14
-11.84
26.20
55.76
78.77
30.22
-17.61
-21.13
-16.65
-11.26
-2.48
-14.76
-10.28
-25.76
-44.29
-27.19
16.55
33.49
20.74
30.58
1.60
-14.34
30.89
36.38
23.61
12.39
-3.69
15.53
22.88
37.44
64.69
41.09
17.60
-0.59
24.49
27.99
14.29
21.04
20.88
4.51
-16.66
-32.79
-23.59
4.57
1.86
-9.90
23.87
35.38
13.61
46.39
16.52
0.14
-8.78
-37.23
-25.30
-12.11
-0.11
-6.34
0.84
-10.86
-11.60
24.45
7.19
2.27
6.35
-4.75
17.35
20.61
-3.68
-3.11
9.69
9.36
-0.19
-14.23
-35.48
-6.87
19.47
8.59
24.01
25.90
5.04
-1.41
-10.95
-6.24
-7.92
-12.71
1.34
19.82
13.91
-1.32
14.46
14.30
16.61
21.31
15.48
11.95
-7.30
0.50
32.99
32.92
24.01
24.16
35.10
45.07
57.36
41.66
24.63
16.69
11.75
12.32
14.47
19.13
23.64
28.29
18.92
0.97
-20.41
-24.37
-18.25
-19.70
-19.69
-27.76
-39.51
-31.22
-27.55
-17.31
-15.84
-25.05
-6.22
1.75
8.61
15.57
4.69
-15.57
-13.60
-3.02
-15.45
-5.29
17.44
20.53
9.56
10.54
1.20
11.12
27.51
13.59
9.06
6.17
6.23
-0.64
1.57
-4.81
-10.89
-1.57
-4.02
1.12
-6.94
-9.94
-3.87
-19.35
-35.76
-30.53
-17.01
-14.99
-22.02
-27.14
-22.72
-14.41
-8.73
-0.24
12.70
11.62
17.57
22.11
23.07
17.67
1.91
-4.81
-3.14
-4.81
-6.97
-3.53
-1.57
1.16
4.87
2.15
-7.59
-10.17
-3.31
-5.96
-8.05
-11.20
-7.67
-1.19
-3.74
-12.61
-21.24
-20.82
-16.66
-14.26
-28.80
-30.83
-20.70
-21.76
-18.71
-12.00
1.84
22.75
26.67
17.97
17.66
11.89
7.95
10.58
4.11
5.53
4.00
-0.63
2.98
9.92
7.94
7.75
11.47
12.71
11.90
11.03
2.16
0.59
2.42
-2.64
-5.98
-10.74
-9.97
-2.28
3.36
1.62
2.26
0.66
-0.45
-2.56
-6.67
-11.43
-10.62
-12.15
-13.48
-8.05
-9.44
-6.67
-1.37
2.21
5.99
8.60
2.01
-6.32
-7.74
-12.77
-13.78
-15.85
-17.89
-14.47
-13.05
-11.15
-11.21
-9.32
-5.09
-1.73
-5.29
-6.56
-4.53
-6.02
-4.40
-3.43
-5.68
-4.58
-6.88
-8.65
-3.15
1.99
2.65
1.73
-1.64
-5.39
-4.99
-4.27
-4.81
-6.06
-11.08
-16.53
-17.93
-13.84
-12.41
-11.17
-8.36
-9.81
-10.45
-11.26
-12.24
-13.69
-13.03
-7.81
-3.64
-2.24
0.36
5.48
11.92
11.85
9.80
4.30
-2.31
-3.63
-3.47
-1.08
1.38
4.23
4.82
6.90
7.46
6.93
10.69
13.88
13.64
9.77
10.07
11.06
15.78
21.04
19.74
20.18
17.40
15.72
13.66
13.09
11.86
9.54
6.93
5.87
8.25
8.62
9.22
9.69
9.05
10.72
12.04
12.61
10.67
10.60
9.35
5.99
5.58
5.20
4.65
0.36
-2.25
-2.95
-3.58
-3.09
-3.90
-5.79
-5.24
-4.24
-7.10
-9.01
-9.95
-7.81
-3.83
-2.69
-4.95
-6.64
-5.89
-4.05
-1.68
-3.52
-5.51
-8.12
-10.78
-6.69
-4.67
-6.19
-4.70
-2.44
0.62
2.85
2.03
-0.57
-0.13
1.93
2.22
1.95
2.95
6.57
8.83
6.77
5.11
4.91
4.59
2.17
-0.64
-3.29
-3.66
-3.50
-2.09
-2.09
-3.05
-2.96
-1.52
0.76
1.93
1.44
1.37
3.07
4.39
5.11
4.05
3.79
5.28
8.22
9.48
8.02
7.87
10.01
12.47
15.25
16.33
16.31
15.37
12.85
11.13
7.91
5.27
5.17
5.72
4.95
3.18
1.13
0.01
0.21
1.39
2.05
0.87
1.64
4.40
7.02
8.16
7.58
6.56
7.05
8.46
8.85
7.53
5.78
4.06
4.10
3.31
1.47
0.82
0.87
1.49
0.43
-1.17
-1.31
-0.36
0.68
1.64
2.34
1.46
2.02
3.45
3.27
2.02
-0.06
-1.85
-3.82
-5.18
-6.83
-8.62
-9.50
-9.96
-10.18
-9.71
-9.39
-8.27
-7.38
-6.62
-5.44
-5.78
-5.82
-5.49
-5.29
-4.61
-4.67
-5.47
-5.63
-6.04
-7.02
-8.77
-9.49
-9.84
-10.78
-10.74
-10.17
-10.73
-11.09
-10.47
-8.88
-6.59
-4.14
-1.15
1.49
3.65
4.63
5.49
5.72
5.33
4.91
2.96
0.25
-2.33
-3.82
-5.00
-5.88
-6.46
-6.38
-5.60
-5.04
-3.55
-2.23
-1.97
-1.73
-1.61
-1.00
-0.10
-0.01
0.47
1.41
1.72
1.73
0.95
-0.07
-0.67
-1.29
-2.11
-3.20
-4.51
-5.81
-6.47
-6.23
-5.38
-3.62
-1.60
0.21
1.64
2.77
3.93
4.79
5.29
5.54
5.47
5.35
5.30
4.76
3.61
2.33
0.71
-1.10
-2.49
-3.54
-4.57
-4.91
-4.68
-4.34
-3.73
-2.94
-1.64
-0.38
0.88
1.87
2.36
2.61
2.50
2.13
1.61
0.96
0.32
0.04
-0.13
-0.42
-0.92
-1.33
-1.32
-0.87
-0.70
-0.86
-0.73
-0.75
-0.34
-0.02
-0.49
-1.08
-1.21
-0.87
-0.58
-0.51
-0.74
-1.12
-1.68
-2.48
-2.98
-3.20
-3.01
-2.70
-2.55
-2.76
-2.69
-2.53
-1.98
-1.21
-0.71
-0.04
0.51
1.00
1.35
1.50
1.46
1.32
1.19
0.76
0.41
0.22
0.21
0.39
0.12
-0.30
-0.60
-0.76
-0.69
-0.52
-0.21
0.18
0.44
0.89
1.42
1.62
1.91
2.13
2.24
2.31
2.19
1.89
1.48
1.09
0.89
0.59
0.22
0.07
0.17
0.20
0.12
0.17
0.28
0.51
0.71
0.89
1.09
1.12
0.95
0.76
0.75
0.59
0.44
0.57
0.91
1.40
2.04
2.67
3.14
3.47
3.65
3.95
4.28
4.52
4.42
4.08
3.80
3.66
3.55
3.48
3.48
3.53
3.52
3.31
2.88
2.51
2.40
2.31
2.25
2.30
2.21
-0.40
2.47
