1001 0.02
-0.68
-0.67
-0.72
-0.37
-1.19
-0.13
-1.05
-0.52
-0.37
-1.15
-0.65
-0.06
-2.12
0.94
-1.56
-0.93
2.79
-6.81
3.44
-1.82
3.85
-6.47
-5.21
13.12
-7.70
-5.16
5.02
7.82
-21.30
7.75
18.49
-14.30
-15.95
16.64
-1.59
-13.84
4.79
16.91
-0.21
-25.37
11.55
5.83
-6.37
7.32
24.43
-24.00
-30.93
8.04
-28.69
-1.64
5.52
-6.13
-26.45
-7.22
-12.17
-2.63
-1.07
-13.67
12.69
48.37
14.08
-30.19
29.52
30.67
-30.74
-32.18
-12.52
-36.92
-33.82
-3.19
-11.79
-9.98
6.60
-18.09
-64.43
-39.14
5.67
5.71
25.60
11.75
2.03
-4.62
10.58
26.84
13.33
7.98
-8.54
-12.10
-5.84
-3.44
-6.65
-15.38
-9.06
44.01
9.93
-35.05
-76.69
-11.89
39.34
31.55
40.48
18.89
55.34
-34.03
-6.63
27.54
40.74
20.36
2.09
65.14
-23.87
-13.16
9.65
0.71
2.13
6.03
65.69
9.72
-21.23
-32.96
-14.54
-2.90
-30.85
24.42
-11.01
9.86
21.58
9.14
-8.88
-35.96
-100.00
-63.97
2.35
-30.10
13.54
2.02
2.50
46.09
52.85
42.60
76.16
59.36
-17.04
-81.72
-46.79
-0.92
-35.78
-49.41
-22.52
-13.16
-21.74
-15.25
19.29
2.17
33.87
56.28
44.34
59.45
51.91
-4.76
-28.16
33.64
27.92
3.89
-25.45
-14.90
-1.57
-36.83
8.23
45.20
2.75
-13.13
-12.11
-68.67
-69.16
-12.71
2.55
-17.26
-14.68
8.11
33.81
66.49
18.20
-32.41
-37.84
-30.08
-8.75
-57.56
-53.24
27.08
37.29
-16.23
-2.68
24.50
-4.91
-41.81
-22.20
-14.45
0.02
-7.62
-11.96
1.55
-28.08
16.42
52.53
14.71
-39.83
-2.14
-11.52
-44.01
14.98
15.88
7.39
-4.62
-1.38
43.73
50.06
31.09
49.72
54.88
29.53
36.26
28.33
-12.28
-16.52
0.16
-12.23
19.69
47.24
31.46
-1.99
-58.19
-41.15
-34.01
-23.71
-29.83
-21.88
27.04
27.12
9.35
-2.61
14.96
21.62
66.60
73.14
37.98
47.59
64.44
27.83
-0.84
30.17
17.88
-15.52
-8.57
-10.45
11.11
52.44
70.65
66.21
62.23
64.38
5.88
6.68
32.62
8.02
-3.28
-9.02
0.82
-23.80
-47.14
-46.07
-31.32
-18.46
-9.51
9.52
19.11
10.56
23.33
27.26
-0.58
-43.00
-55.41
-36.34
-48.75
-15.10
7.10
17.68
19.06
19.09
14.50
0.74
29.73
41.12
9.19
6.79
31.57
24.13
-6.75
2.85
22.41
-16.63
-33.35
-40.92
-35.35
-50.38
-46.12
9.74
18.64
4.74
1.46
7.21
-11.31
-19.25
4.04
19.92
12.35
9.76
24.31
9.57
-4.78
-4.99
-20.61
-55.52
-62.33
-45.36
-36.31
-20.67
1.39
32.22
25.27
15.73
34.84
24.17
10.68
26.10
16.27
4.76
0.63
2.41
-4.90
-3.88
10.49
0.16
5.48
-2.23
-7.27
-13.41
-20.05
0.23
3.19
-9.85
-27.68
-40.72
-54.28
-58.46
-39.84
-27.67
-5.35
14.38
27.38
24.66
18.55
28.57
12.45
-3.35
-21.81
-30.44
-37.19
-39.38
-37.65
-24.42
-19.68
-23.36
-20.63
-27.24
-26.99
-30.90
-21.96
-19.37
-8.59
-3.94
-9.28
-12.61
-18.33
-33.15
-41.23
-25.91
-1.22
7.54
5.60
21.29
33.42
19.93
-2.97
-11.54
-18.27
-9.04
-7.38
-1.93
-2.29
-11.88
-9.57
-13.24
2.96
-10.91
-10.37
12.24
-9.21
-27.99
-19.31
-5.21
2.07
4.30
5.65
1.70
-2.60
6.99
7.21
1.85
-1.74
1.42
1.44
-16.03
-26.00
-18.92
0.10
8.94
18.44
20.25
14.48
2.46
-9.25
-17.30
-17.24
-9.52
-12.97
-23.48
-31.43
-32.99
-19.38
-11.75
-10.53
-9.73
-5.55
5.14
-2.33
-5.68
-8.07
-1.53
4.63
5.72
3.60
0.44
3.26
12.08
16.95
28.47
41.45
40.85
33.90
29.57
27.20
20.19
18.24
17.75
4.17
-4.62
0.49
3.26
-9.73
-10.97
-0.48
10.63
12.34
11.22
14.73
13.82
9.43
9.84
22.58
20.09
11.46
17.90
18.42
9.21
11.00
22.04
30.65
31.75
27.64
19.43
17.20
15.21
10.21
4.07
2.78
2.60
-2.85
-2.55
-4.59
-4.26
-2.12
3.87
6.63
5.54
4.68
-0.36
-1.30
-6.76
-11.60
-5.30
6.74
7.88
5.24
13.25
14.88
8.18
3.73
0.67
-2.79
-3.42
-4.19
-4.46
-4.08
-6.80
-2.97
1.87
-0.11
0.40
7.18
5.26
-3.13
-5.55
-5.39
-3.24
-1.30
-1.16
2.85
6.66
3.86
1.58
7.93
7.68
5.65
7.71
4.79
3.35
2.35
-0.02
0.67
0.25
0.16
4.07
9.54
12.63
14.27
10.29
7.14
10.18
6.93
-0.94
-1.25
-0.40
-7.42
-13.78
-14.84
-14.14
-11.28
-4.35
-5.16
-7.64
-5.78
-5.40
-8.40
-10.03
-7.00
-0.42
2.19
0.47
4.46
4.11
0.49
0.91
2.41
-4.03
-9.08
-9.64
-14.05
-14.69
-9.11
-5.79
-4.95
-1.77
-1.38
-3.34
-4.89
-2.87
2.92
6.14
4.94
4.26
7.26
7.26
6.10
9.95
10.43
6.67
3.50
6.35
6.68
3.80
6.57
7.88
6.09
5.93
6.54
4.02
4.07
6.14
6.01
4.60
7.64
10.00
8.73
6.21
3.46
2.68
0.84
-2.52
-4.43
-5.28
-2.91
0.36
-1.78
-3.50
-4.94
-6.55
-8.79
-10.21
-9.35
-10.07
-11.37
-13.08
-11.47
-8.72
-9.65
-10.46
-8.56
-9.85
-13.12
-11.29
-7.45
-5.87
-5.02
-3.43
-3.92
-5.35
-4.17
-1.12
0.51
0.63
2.08
2.09
-0.71
-3.41
-1.86
0.34
0.13
2.33
4.17
2.20
1.48
4.95
6.97
8.55
10.71
10.40
7.07
4.84
4.58
2.60
0.80
1.06
1.72
-1.44
-2.96
-1.57
-0.55
-1.42
-1.94
-0.99
-1.97
-4.72
-6.28
-4.52
-2.53
-1.14
-0.52
0.14
0.31
0.51
0.37
-0.15
-1.37
-3.61
-5.83
-8.17
-9.71
-10.23
-9.35
-10.17
-11.25
-12.11
-14.10
-15.68
-15.90
-14.38
-12.38
-10.09
-7.92
-6.49
-6.88
-7.59
-7.57
-5.49
-2.58
-1.48
-1.48
-0.81
-0.44
-1.01
-1.64
-2.14
-2.96
-4.13
-3.95
-3.19
-2.09
-1.46
-1.19
-1.34
-2.33
-3.72
-4.95
-6.00
-6.99
-6.60
-5.43
-4.52
-3.49
-2.96
-3.72
-4.57
-4.27
-4.18
-4.02
-2.56
-0.63
0.92
1.97
2.46
2.75
2.34
1.81
1.43
2.02
3.78
5.77
6.83
6.94
7.82
8.54
8.21
7.78
7.51
7.05
7.09
7.70
7.64
6.29
5.20
4.64
3.52
2.74
2.46
2.68
2.22
1.43
1.26
0.86
1.13
1.65
1.80
1.76
2.78
4.62
5.95
7.24
9.00
10.24
10.36
9.34
8.53
8.13
7.28
6.31
5.23
4.23
2.94
1.59
0.65
0.71
0.85
1.06
1.89
2.32
2.70
2.96
3.48
4.52
5.71
6.28
6.21
5.89
5.52
5.81
5.96
5.38
4.57
4.70
4.32
3.79
4.02
4.02
3.84
4.11
4.37
3.68
2.93
2.30
2.00
1.90
2.20
2.53
2.08
1.37
0.93
0.44
-0.02
-0.24
-0.15
-0.52
-1.63
-2.22
-2.30
-2.36
-2.91
-3.25
-3.12
-3.57
-4.10
-4.23
-4.36
-4.77
-4.40
-3.79
-3.96
-4.06
-3.40
-2.73
-2.01
-0.72
0.83
1.90
2.56
3.55
4.41
4.91
5.37
5.55
4.80
3.78
3.05
2.15
1.55
1.13
0.55
-0.17
-0.66
-0.99
-1.12
-1.13
-1.05
-0.57
0.20
0.53
0.48
0.78
0.93
0.42
-0.24
-0.81
-1.51
-2.10
-2.39
-2.65
-2.86
-3.03
-3.45
-4.16
-4.57
-4.52
-4.28
-3.92
-3.65
-3.48
-3.34
-3.09
-2.75
-2.52
-2.42
-2.46
-2.55
-2.60
-2.64
-2.69
-2.78
-2.74
-2.47
-2.44
-2.77
-3.23
-3.24
-2.85
-2.42
-1.99
-1.64
-1.30
-1.35
-1.30
-1.02
-0.67
-0.45
-0.28
0.03
-0.03
-0.11
-0.08
-0.05
0.00
0.13
0.44
0.49
0.30
0.06
-0.09
-0.19
-0.32
-0.27
-0.29
-0.24
-0.17
-0.19
-0.36
-0.74
-1.34
-1.72
-1.80
-1.88
-1.79
-1.69
-1.53
-1.18
-0.79
-0.42
-0.01
0.22
0.05
-0.40
-0.71
-0.86
-1.09
-1.36
-1.51
-1.59
-1.67
-1.67
-1.55
-1.41
-1.15
-0.80
-0.48
-0.15
0.08
0.08
0.01
0.12
0.22
0.20
2.56
-0.03
