1001 0.02
-1.26
-1.29
-1.10
-1.48
-0.80
-1.80
-0.55
-2.17
0.14
-2.96
0.16
-1.55
-2.10
0.97
-4.24
1.65
-3.15
-0.26
-1.12
-2.81
2.78
-8.89
6.78
-1.62
-8.35
10.44
-10.89
-1.95
-3.35
10.39
2.98
-19.50
3.18
3.96
-2.53
2.70
-2.35
-12.71
9.60
-9.96
-8.42
-4.97
20.28
-3.13
18.05
23.95
-42.74
-0.22
4.60
-29.50
-11.43
9.47
-3.17
-31.47
-13.44
24.44
15.04
14.69
55.54
14.74
-8.60
36.49
11.74
9.45
17.78
-17.42
-52.86
-26.34
-6.29
-13.17
-2.09
-5.38
-9.26
46.78
17.92
-24.11
-34.32
-12.66
10.90
9.66
6.74
-18.19
-41.86
3.57
29.25
-23.76
-7.83
-8.40
36.28
24.64
-21.26
23.20
29.20
28.75
22.29
31.20
-44.25
-64.91
-86.04
-100.00
-51.50
-18.27
2.49
19.51
34.08
45.39
-1.95
-32.16
34.25
-55.04
-47.67
15.62
19.82
3.37
-62.99
-41.10
-40.43
-12.42
2.34
-50.30
-3.06
16.84
54.96
12.30
1.18
23.16
62.29
24.00
43.45
61.69
8.99
29.60
9.63
-16.12
21.42
-27.61
-58.68
-72.83
-27.97
-61.03
-32.36
18.79
-10.24
-28.70
-29.83
-14.61
-30.39
-32.14
-31.37
-14.60
-10.76
2.30
6.86
6.20
10.20
59.04
59.16
39.96
7.90
5.64
-22.16
-61.81
-18.54
13.00
-9.12
10.16
13.84
-13.48
49.07
67.71
74.61
62.91
10.86
-38.58
6.02
32.69
35.72
47.61
-26.78
16.65
21.57
-6.94
37.44
19.81
15.53
39.50
57.32
2.13
27.23
62.04
28.65
13.34
20.63
16.48
-20.24
-24.49
-24.72
4.26
12.35
69.76
69.34
13.16
24.46
32.20
26.58
2.60
-50.53
-68.15
-55.60
-20.99
21.82
25.66
22.69
-2.77
-15.16
-5.50
-6.82
-30.32
-12.93
-13.16
-18.01
6.83
-10.94
-40.90
-32.64
-6.71
9.55
25.29
25.96
19.77
-6.08
-19.57
-7.07
29.32
-8.04
-3.63
-10.42
-24.14
-13.05
2.60
-18.30
8.15
28.69
34.79
25.62
5.15
2.54
-12.65
8.70
39.90
11.89
14.28
-33.62
-43.23
-23.47
-13.47
-33.56
-11.48
15.41
20.11
26.66
17.89
31.50
8.56
-10.35
-7.49
-10.06
15.43
20.90
39.33
5.57
-3.08
4.14
-1.05
6.03
-7.35
0.88
37.56
43.83
29.48
-24.03
-52.92
-46.70
-47.45
-29.84
-26.15
-18.62
-9.40
9.13
-6.43
-20.75
18.52
28.01
41.34
33.64
17.15
4.28
-6.43
-33.54
-42.72
-25.14
-18.36
-24.85
-6.98
-20.13
-13.89
7.07
1.86
-12.53
-34.49
-25.11
-6.46
17.21
24.67
16.51
1.66
-0.83
22.83
32.50
18.47
21.58
12.91
10.12
15.62
13.81
-4.03
9.08
21.76
11.72
8.35
8.58
-20.76
-37.78
-56.47
-66.68
-35.91
-16.64
-15.58
-20.64
2.18
17.45
27.56
26.51
23.85
27.48
29.86
37.87
20.11
3.30
-10.69
-8.97
-10.58
-3.65
13.66
14.88
-2.80
-0.38
31.59
39.18
30.72
21.38
14.74
12.80
9.47
11.89
-4.11
-18.00
-24.11
-22.77
-20.04
-1.07
8.73
-6.70
-4.85
1.73
8.04
14.00
25.30
10.45
-11.00
-3.97
-7.96
-14.83
-14.96
-16.64
-13.48
-7.21
-11.85
-13.30
-11.83
-22.45
-22.58
-31.67
-56.11
-50.36
-35.13
-22.54
-15.76
-2.63
9.08
16.81
7.05
4.02
17.08
12.61
-0.55
-5.20
-7.83
-3.44
12.03
17.75
6.74
0.81
5.97
17.95
15.67
2.98
10.90
3.08
-2.32
-7.25
-20.22
-33.78
-48.15
-44.64
-41.91
-31.36
-25.83
-12.97
3.09
-2.69
2.85
5.51
9.59
12.20
18.61
34.05
19.84
15.85
11.90
-0.11
-13.62
-14.43
-9.28
-6.23
8.47
9.21
12.85
12.78
16.64
8.41
-8.33
-14.09
-23.77
-20.86
-19.94
-22.62
-15.85
-6.00
-17.01
-21.00
-15.32
-6.40
7.36
15.46
11.45
2.56
-0.50
-9.42
-19.10
-27.81
-29.32
-26.57
-26.45
-21.45
-20.49
-13.56
-9.08
-7.97
-6.81
-11.14
-10.35
-14.85
-4.83
5.17
-1.29
-2.87
-11.09
-18.21
-19.71
-12.33
-9.00
-2.18
11.32
16.39
20.23
17.96
15.53
15.90
13.97
9.43
1.91
-1.12
2.35
7.26
10.02
8.63
6.97
3.28
2.49
0.25
-0.71
3.66
6.52
0.45
-6.44
-7.86
-10.83
-11.39
-9.48
-7.76
-6.70
2.01
5.22
1.51
6.91
6.80
6.46
7.96
6.83
6.87
7.17
14.77
18.97
20.20
12.68
9.96
10.33
12.61
20.79
24.79
27.56
25.60
19.34
11.51
5.55
4.77
0.76
6.81
9.00
9.54
12.08
13.03
19.77
20.96
20.83
14.58
7.41
9.76
10.81
14.07
15.39
17.91
14.85
8.14
7.56
4.10
5.43
4.36
-1.41
-6.92
-9.90
-12.83
-14.85
-11.19
-9.20
-7.92
-5.72
-3.58
3.19
4.57
7.10
7.45
5.19
2.32
-0.55
0.90
6.21
12.71
11.92
11.60
12.42
11.97
11.59
4.94
2.09
3.59
7.72
10.55
12.44
18.55
21.33
20.09
18.03
17.40
14.25
7.86
5.24
2.56
1.59
0.20
-0.75
-2.09
-3.39
-1.60
-0.05
2.70
4.95
6.38
7.61
6.55
7.28
5.50
-1.65
-8.22
-10.81
-9.33
-9.63
-7.64
-6.00
-2.73
-2.65
-5.24
-8.09
-10.12
-8.66
-5.58
0.70
3.05
4.78
6.72
6.74
6.87
6.13
7.20
8.58
8.94
8.86
7.35
7.53
10.58
11.08
7.29
3.52
2.02
1.95
2.04
1.09
-0.74
-1.98
-0.92
-2.03
-6.54
-10.15
-12.51
-12.95
-13.50
-13.54
-14.49
-14.82
-13.00
-11.49
-11.99
-12.36
-13.76
-15.20
-16.16
-18.43
-17.59
-15.66
-14.38
-15.50
-18.22
-19.80
-18.60
-15.06
-12.47
-10.90
-7.79
-5.54
-4.72
-6.32
-8.27
-11.56
-13.06
-13.50
-14.75
-14.18
-10.83
-5.90
-1.85
1.14
2.31
-0.25
-3.07
-5.43
-6.55
-6.95
-6.16
-2.90
-1.47
-1.03
-1.07
-0.10
0.60
1.64
2.13
1.15
1.09
-0.29
-3.66
-7.55
-10.74
-11.61
-12.45
-13.38
-14.14
-11.80
-9.46
-8.00
-6.72
-7.15
-6.37
-4.41
-1.15
2.76
5.33
6.86
6.67
6.54
6.32
4.54
2.26
1.54
2.12
2.31
3.04
3.47
3.33
3.11
2.91
2.29
0.91
-0.43
-2.08
-2.87
-1.63
0.01
-0.19
-0.65
-0.40
0.45
1.01
1.35
0.60
-0.39
-1.55
-2.72
-3.71
-4.11
-3.27
-2.31
-1.67
-1.71
-2.07
-3.12
-5.33
-6.95
-7.50
-6.44
-4.36
-3.15
-2.71
-2.85
-2.06
-1.43
-1.85
-3.33
-4.96
-4.51
-3.23
-2.19
-1.53
-0.82
0.02
1.18
3.06
5.06
6.86
8.06
9.63
10.39
9.62
8.76
8.12
7.76
8.84
10.22
10.75
11.18
11.15
11.13
11.40
11.28
11.57
11.46
10.91
10.25
10.33
10.12
9.06
7.90
6.78
6.42
6.34
6.33
5.91
5.07
4.80
5.39
6.02
6.17
5.96
5.83
5.97
6.03
5.26
4.25
3.17
2.23
2.00
2.38
3.15
4.47
5.61
6.51
6.84
6.66
6.03
4.74
3.51
2.62
2.41
2.55
2.61
2.54
2.43
2.95
3.40
3.55
3.64
3.15
2.76
2.76
3.11
3.06
2.46
2.13
1.83
1.25
0.51
-0.50
-1.60
-2.38
-3.21
-3.84
-4.02
-3.72
-3.48
-3.10
-3.00
-3.71
-4.15
-4.50
-5.12
-5.45
-5.43
-5.50
-5.70
-5.49
-4.68
-3.75
-2.70
-1.44
-0.64
-0.13
0.56
1.01
1.25
1.32
0.90
0.15
-0.37
-0.62
-0.80
-0.86
-0.87
-0.76
-0.33
-0.16
-0.41
-0.75
-0.88
-0.79
-0.69
-0.69
-0.90
-1.19
-1.15
-0.97
-1.04
-1.07
-0.96
-0.61
-0.34
-0.29
-0.04
0.29
0.56
0.73
0.71
0.17
-0.65
-1.59
-2.48
-2.97
-3.11
-3.01
-2.74
-2.37
-2.04
-2.01
-2.12
-2.08
-2.40
-2.67
-2.62
-2.53
-2.62
-3.02
-3.36
-3.61
-3.69
-3.72
-3.87
-3.81
-3.54
-3.15
-2.92
-2.74
-2.43
-1.99
-1.67
-1.30
-0.94
-0.78
-0.65
-0.63
-0.72
-0.77
-1.04
-1.49
-1.95
-2.26
-2.60
-2.78
-2.76
-2.84
-3.00
-3.17
-3.30
-3.46
-3.64
-3.77
-3.82
-3.82
-3.75
-3.65
-3.52
-3.33
-2.98
-2.63
-2.42
-2.36
-2.38
-2.53
-2.78
-2.87
-2.83
0.36
-2.73
