1001 0.02
-1.46
-1.50
-1.18
-1.89
-0.80
-2.18
-0.68
-1.83
-1.09
-2.19
0.54
-3.83
-0.10
-1.16
-0.11
-6.77
7.04
-8.37
1.69
1.62
-10.77
5.51
4.98
-12.01
-9.68
27.19
-17.44
-6.82
8.27
-11.79
9.34
-11.52
7.20
10.03
5.48
-13.77
-16.86
-1.30
-8.35
9.08
-3.19
4.53
-15.94
37.44
-54.19
14.31
24.35
-3.24
5.18
11.24
-15.34
9.00
-26.92
-18.37
31.86
26.74
8.28
2.05
18.18
18.09
7.38
26.93
-53.72
-38.28
-33.56
-66.27
18.95
-21.48
20.72
47.25
15.49
36.13
11.87
-37.27
-60.74
-2.04
76.50
59.67
53.03
1.13
17.80
-15.27
-16.42
-2.91
-42.97
-13.53
-68.60
-54.83
3.83
-16.20
2.89
57.81
78.71
16.73
4.98
14.03
-47.75
31.70
50.14
6.44
-35.75
-59.01
5.19
58.30
-43.30
43.31
-6.83
-18.13
13.36
-1.83
33.24
-26.80
-29.63
-7.80
-0.21
48.15
12.04
-4.76
54.12
14.61
25.95
51.94
21.56
6.09
-31.54
-34.10
-8.72
-30.89
11.62
2.55
-9.51
-29.95
-19.65
-8.34
87.37
44.07
58.88
73.73
20.95
-5.30
-30.19
-33.20
-69.33
-80.99
19.93
-36.13
-38.66
-39.88
2.78
11.04
-28.63
-62.87
-48.73
25.38
52.08
6.19
20.14
4.39
-43.18
-60.53
1.80
46.75
14.71
14.65
37.59
24.55
44.23
-18.72
-29.34
-39.13
-3.04
-5.66
-60.12
-23.88
33.45
27.15
11.49
9.69
-3.21
-22.83
-23.97
58.21
72.04
23.27
34.94
22.50
-15.52
-18.15
-11.22
18.59
16.41
-14.65
10.49
-5.44
-8.25
11.92
69.34
78.21
13.74
18.07
-38.87
52.54
45.33
-14.86
38.29
49.56
41.23
24.16
8.62
-52.00
-73.79
-75.12
-53.23
-2.27
88.12
-18.09
-3.70
-16.72
-9.40
-14.10
-25.79
-38.38
25.09
-29.38
-15.67
57.88
26.51
11.18
22.30
40.93
12.92
54.27
44.02
-38.79
-43.63
-5.59
-38.37
-1.15
-7.35
-3.35
25.65
36.05
74.54
76.16
27.51
-30.56
-35.79
-25.58
-16.82
-12.89
-10.63
15.26
26.80
3.43
-35.35
-28.18
1.49
-34.32
21.79
11.54
-45.08
-4.41
-3.97
-2.01
9.30
-20.15
-9.11
-55.60
-46.05
8.95
-22.00
-0.94
-15.56
-16.13
-31.16
-15.64
46.30
32.61
29.69
20.41
-10.71
10.68
-22.00
-54.47
-55.43
-79.21
-99.44
-100.00
-69.28
-57.72
-37.04
-42.47
-18.37
43.33
10.67
29.84
35.98
36.27
0.59
-24.91
-15.63
14.16
11.04
4.30
11.01
-10.35
-28.49
-32.17
-19.21
3.44
-4.19
-11.47
-10.66
-49.70
-54.27
-37.39
-45.25
-16.98
-25.55
-19.38
-29.28
-29.19
1.00
19.49
-0.37
15.46
27.54
15.57
28.62
-14.42
-18.64
-16.39
-18.25
-5.38
25.79
17.12
-12.37
-14.79
-21.87
-19.68
-47.97
-20.06
-15.07
24.55
40.66
31.81
60.16
30.26
26.42
21.76
-7.68
-14.61
1.50
-7.23
13.77
18.00
-1.09
18.86
38.84
38.25
42.61
15.57
-1.05
-8.99
-32.98
-34.82
-45.87
-53.71
-40.05
-10.90
-2.67
17.69
-1.79
-8.30
-22.61
-14.69
-30.52
-73.05
-50.20
-33.22
-21.07
7.81
19.90
20.67
14.26
-4.49
28.25
36.47
15.88
29.66
32.20
39.48
36.22
33.16
28.66
12.27
4.07
11.19
20.06
22.98
6.66
-13.43
-11.98
-25.73
-23.05
-20.31
-7.73
11.23
18.13
15.86
30.84
35.28
32.79
32.94
25.88
23.17
22.54
19.11
8.56
15.11
-0.32
-12.06
-10.34
6.91
15.38
16.15
16.61
18.77
13.02
9.80
13.69
17.68
16.22
5.25
20.35
29.25
35.06
45.34
49.78
31.32
20.65
-0.50
-11.69
-7.05
-16.97
-13.35
-4.65
1.87
11.60
21.23
22.15
32.35
28.81
22.07
29.13
18.29
6.16
-0.15
-15.35
-20.33
-23.04
-14.59
-3.25
3.20
12.86
30.14
17.79
6.80
2.33
-15.39
-18.77
-27.84
-26.87
-14.13
-14.56
-0.79
17.26
24.83
20.69
9.40
-7.98
-11.68
-15.23
-11.79
-13.73
-23.83
-23.40
-31.43
-30.05
-20.02
-15.30
-17.60
-18.03
-19.33
-19.29
-7.04
-2.09
8.69
18.24
13.19
25.61
32.90
23.97
26.26
19.63
10.29
-0.72
-4.03
-0.91
-3.79
-5.96
-2.36
-2.84
-0.38
-1.42
3.82
6.91
13.14
16.75
17.21
24.65
21.78
21.12
16.86
11.49
6.46
1.54
-5.11
-0.04
0.60
1.03
-2.19
-4.55
-12.31
-21.01
-27.63
-28.76
-24.84
-18.68
-13.81
-1.32
9.34
12.38
13.68
5.94
-10.06
-17.53
-19.62
-21.02
-8.64
-6.64
-7.77
-0.92
-5.04
-1.85
-0.25
-7.77
-6.80
-2.82
-8.74
-6.68
-0.58
2.40
3.06
-2.08
-1.15
-0.31
-10.36
-18.05
-10.95
-13.30
-13.61
-8.45
-6.49
-2.54
-4.51
-12.90
-15.98
-14.48
-15.76
-13.60
-9.36
-2.12
2.69
6.21
9.29
11.28
10.48
3.67
-3.55
-6.86
-12.25
-18.00
-20.59
-17.39
-11.34
-10.88
-11.67
-12.32
-13.76
-14.80
-10.68
-2.05
5.53
5.70
9.61
10.30
11.23
14.14
13.70
9.91
3.30
-0.33
-1.63
-0.27
0.63
6.88
6.55
3.81
1.26
1.17
-3.62
-6.60
-4.54
-5.23
0.05
2.34
7.42
12.15
14.18
12.71
12.47
7.65
6.38
7.13
4.97
3.27
4.07
5.43
3.38
3.51
1.58
-2.33
-4.26
-8.25
-8.90
-4.95
-5.71
-6.53
-5.26
-6.25
-5.95
-5.42
-7.33
-7.60
-7.39
-7.93
-7.03
-2.11
-2.42
0.94
5.27
6.78
6.01
2.18
2.79
0.95
-1.61
-3.34
-5.05
-7.69
-11.62
-13.37
-11.70
-13.38
-14.15
-12.36
-11.50
-7.69
-3.73
-0.66
0.81
2.58
4.24
4.90
4.43
5.62
6.15
4.56
4.15
5.72
5.57
4.69
1.42
-0.66
-0.69
-1.39
-1.50
-2.24
-4.25
-4.56
-4.66
-5.43
-4.26
-2.31
-0.97
-0.56
1.24
1.20
1.55
0.72
-0.79
3.00
6.70
9.36
9.31
6.91
4.17
3.88
2.35
2.46
3.18
0.57
-1.53
1.04
1.69
2.68
3.17
3.91
4.51
4.96
8.49
11.32
11.88
13.71
17.79
20.76
19.96
16.69
15.87
13.65
12.79
13.22
12.13
9.80
6.93
4.34
3.68
2.35
1.67
1.69
2.76
2.91
4.83
5.45
4.20
4.71
6.87
7.78
8.65
8.62
7.93
7.62
5.07
2.59
1.62
-0.95
-2.83
-1.89
-2.44
-2.90
-2.89
-3.85
-4.01
-3.58
-3.70
-3.31
-3.94
-4.39
-3.32
-1.86
0.04
1.37
1.40
0.89
1.51
3.37
5.35
6.84
6.74
6.39
5.30
3.26
1.03
-0.89
-3.00
-4.32
-4.33
-3.98
-4.48
-6.76
-7.95
-7.98
-6.56
-4.04
-1.90
0.18
1.20
1.86
2.75
3.65
4.66
5.94
6.89
8.03
8.81
8.31
6.65
5.32
3.64
1.46
-0.55
-2.79
-4.80
-5.86
-6.83
-7.35
-7.44
-7.48
-6.88
-5.41
-3.21
-1.29
-0.41
-0.11
0.32
0.49
0.31
-0.40
-0.90
-1.98
-3.11
-3.71
-4.54
-5.28
-5.70
-6.38
-6.12
-4.73
-3.58
-3.19
-2.85
-2.98
-2.88
-2.69
-2.53
-1.70
-1.02
-0.96
-0.42
0.63
0.15
-0.91
-1.76
-2.48
-2.43
-2.02
-1.08
-0.19
-0.07
-0.94
-2.18
-3.22
-4.04
-4.51
-4.90
-5.19
-5.38
-5.22
-5.68
-5.35
-4.64
-4.23
-3.81
-3.48
-3.43
-3.34
-3.49
-3.36
-2.59
-1.80
-1.28
-0.89
-0.44
-0.11
0.01
-0.12
-1.03
-1.99
-2.89
-3.70
-3.77
-3.75
-3.30
-2.60
-2.09
-1.64
-1.53
-1.90
-2.31
-2.04
-1.09
-0.18
0.45
0.63
0.68
0.46
0.16
-0.17
-0.70
-1.20
-1.92
-2.45
-2.53
-2.53
-2.27
-1.61
-0.90
-0.60
-0.48
-0.45
-0.62
-0.40
-0.10
-0.12
-0.45
-0.82
-0.79
-0.54
-0.63
-0.47
-0.49
-0.58
-0.53
-0.50
-0.40
-0.56
-0.74
-0.79
-0.69
-0.40
-0.24
-0.12
0.20
0.41
0.63
0.92
1.03
0.97
0.72
0.47
0.30
0.14
0.12
0.10
0.01
-0.14
-0.21
-0.09
0.39
0.78
1.17
1.52
1.60
1.46
1.18
0.83
0.34
-0.09
-0.20
-0.43
-0.69
-0.89
-0.94
-0.96
-1.15
-1.45
-1.62
-1.48
-1.24
-1.14
-1.07
-1.10
-1.31
-1.52
-1.48
-1.27
-1.14
-1.01
-2.36
-0.68
