1501 0.02
-2.60
3.70
1.40
3.70
5.60
8.50
0.40
-5.80
-2.90
-3.30
-0.70
-0.20
-4.30
-5.90
-6.20
-2.10
-1.70
-0.70
3.00
1.50
0.60
-3.60
-4.60
-3.20
4.70
14.60
9.50
-0.70
-3.90
-7.30
-10.80
-1.20
0.40
-5.50
-8.70
-7.60
-7.60
-7.70
-6.70
-9.10
-0.80
3.70
3.80
-0.50
-5.10
-7.30
-9.90
-1.00
0.50
1.00
0.70
5.80
7.70
3.00
-5.40
-10.70
-13.40
-9.50
-3.60
-4.10
-0.10
5.90
9.20
10.80
2.60
-2.00
-4.90
-6.70
0.10
-4.90
2.70
15.90
12.30
9.50
6.70
2.60
-5.70
-19.30
-17.90
-6.20
6.80
12.40
7.60
9.70
5.20
-0.40
4.80
-4.30
-9.80
1.30
7.30
13.60
6.90
-1.40
-8.00
-14.70
-18.00
-31.60
-39.40
-33.50
-29.30
-23.50
-13.60
-0.40
34.90
59.10
58.50
43.50
7.40
-31.10
-34.20
-14.40
-8.80
2.10
36.30
62.00
52.10
31.50
-3.90
-40.40
-59.70
-78.20
-61.60
-15.30
-0.30
-8.10
26.70
47.50
46.20
41.40
41.90
32.90
32.40
18.10
22.10
21.20
-3.00
-15.60
-24.90
-44.10
-40.70
-49.80
-69.30
-51.90
-26.00
-16.10
12.00
41.80
63.70
52.30
23.10
3.40
-31.50
-36.20
-10.20
-15.60
3.00
28.80
49.00
27.80
-10.50
-6.50
-4.30
-31.40
-54.20
-21.50
11.30
26.30
40.40
44.20
43.40
51.20
43.30
4.20
-44.90
-75.50
-99.60
-89.30
-64.00
-40.90
-10.60
28.10
52.60
58.60
66.20
51.40
17.40
-15.00
-20.10
14.90
52.50
48.20
23.40
13.20
20.20
31.10
24.30
13.00
30.90
53.20
68.30
76.80
67.00
42.80
18.20
-2.60
-27.60
-48.20
-41.90
-53.90
-45.30
-48.20
-62.20
-24.80
12.30
18.30
33.50
57.50
71.20
82.60
71.80
44.20
13.30
-40.70
-76.50
-87.30
-91.50
-101.90
-132.90
-156.40
-140.30
-93.00
-39.70
-19.00
12.30
63.50
100.50
125.70
145.30
153.50
109.30
45.20
-10.60
-59.10
-52.70
-37.70
-104.70
-147.20
-103.30
-53.00
-25.60
-5.00
35.00
109.10
185.70
207.80
175.50
133.10
68.90
-8.30
-47.70
-77.10
-115.80
-139.00
-138.80
-94.70
-44.10
-9.30
-10.50
-16.90
-2.10
27.60
32.30
19.50
17.40
16.00
8.70
28.80
48.90
43.00
8.90
-54.90
-80.40
-66.40
-62.30
-78.50
-106.90
-99.50
-53.60
1.50
44.00
82.30
98.20
79.20
91.90
73.50
13.10
-29.50
-41.10
-45.40
-41.60
-20.90
-10.80
20.60
70.50
69.50
35.00
16.00
-15.90
-30.90
-23.90
-58.30
-93.00
-98.20
-51.70
21.00
42.90
6.30
-7.80
-9.50
-35.90
-49.00
-29.30
-18.40
-35.90
-25.80
13.60
40.10
48.30
17.60
-23.20
-40.50
-45.10
-50.40
-34.00
-19.60
-23.70
-6.70
8.80
21.10
47.40
63.70
66.70
67.00
64.00
62.00
40.00
-1.60
-24.00
-52.40
-83.80
-88.30
-83.20
-72.50
-29.40
12.90
9.00
2.50
4.20
-18.70
-37.20
-21.20
-0.30
8.60
25.20
27.70
25.70
27.50
10.50
-19.20
-28.90
-36.10
-36.50
-16.70
-0.80
-9.10
3.90
50.60
71.90
79.60
91.30
78.40
59.00
58.40
57.80
53.30
26.60
-3.70
-9.20
1.50
19.60
20.90
18.70
13.60
-4.50
-27.50
-42.40
-43.60
-41.00
-39.00
-32.70
-16.70
10.50
24.40
20.50
18.40
35.60
41.90
29.20
21.10
16.00
-14.00
-27.40
-10.50
1.50
2.30
-9.20
-12.80
-6.30
-6.80
-8.40
-8.50
-5.70
3.30
18.30
24.10
29.50
37.10
35.30
23.40
27.80
31.10
30.00
23.70
12.20
-1.90
-20.70
-17.10
-12.30
-17.50
-8.20
2.30
-4.70
-4.90
8.00
2.70
-3.20
-8.20
-19.50
-28.80
-29.30
-21.60
-18.50
-22.60
-8.20
12.70
13.40
2.10
1.50
3.10
2.00
18.60
16.80
13.40
9.10
14.10
34.60
37.40
41.50
49.00
37.90
36.30
28.90
4.60
-12.20
-24.20
-28.90
-29.10
-14.20
-10.40
-10.40
-10.30
-27.00
-38.00
-39.60
-44.10
-46.00
-38.70
-34.90
-23.60
-6.00
-4.20
-2.40
-0.40
-6.60
-8.10
-9.50
-15.30
-21.70
-21.90
-15.70
-6.90
2.20
6.10
8.30
1.60
-5.80
-1.80
0.40
5.10
14.40
26.00
28.80
25.80
30.30
26.20
16.70
9.20
10.50
18.60
27.90
31.50
27.90
9.80
3.80
3.30
-11.10
-21.80
-19.00
-10.70
-7.30
-7.70
-9.50
-16.80
-23.90
-21.20
-15.90
-20.50
-12.00
5.70
9.90
7.60
-0.50
-10.10
-12.80
-6.50
-5.40
-8.20
-9.50
-5.30
-0.30
-2.00
4.40
5.10
6.00
8.40
8.80
-6.70
-21.30
-20.70
-23.70
-18.20
0.90
15.10
17.20
18.40
16.40
13.00
14.00
11.40
1.10
-11.30
-10.50
-0.40
5.80
16.20
17.80
2.80
-2.80
0.40
-14.40
-21.00
-23.90
-28.30
-18.30
-6.10
3.80
17.00
19.40
19.80
17.30
7.20
-5.50
-8.40
-8.80
-12.20
-5.40
4.90
8.90
5.10
-0.40
-8.20
-9.00
-5.00
-3.90
2.80
7.90
1.00
-6.10
-1.20
7.90
-1.30
-8.10
-18.00
-32.60
-28.30
-14.90
-11.80
-11.10
-5.90
-8.70
-13.60
-14.50
-15.60
-21.90
-27.60
-30.30
-28.80
-23.90
-8.90
6.10
4.60
2.50
2.40
0.60
4.80
11.20
14.30
18.50
16.50
15.20
21.30
20.20
14.30
14.20
16.40
11.30
11.80
6.60
6.00
14.80
14.60
11.30
9.70
7.30
9.80
18.90
15.90
7.20
3.90
5.80
10.90
12.50
2.40
-5.60
-6.70
-2.90
-2.80
-8.80
-10.40
-7.10
-3.50
-4.60
-1.90
0.80
5.40
10.30
14.20
14.10
14.50
18.40
22.70
28.20
30.90
22.20
7.90
0.00
-5.90
-10.60
-6.40
0.30
4.50
3.50
-0.30
-3.90
-7.40
-11.50
-12.90
-14.70
-15.40
-7.20
6.50
12.70
13.40
13.70
11.10
6.40
6.10
8.60
5.70
0.10
-5.60
-11.60
-15.10
-18.40
-21.70
-15.50
-11.60
-12.50
-9.80
-11.30
-10.80
-2.80
1.00
0.10
-3.10
-4.90
-2.00
0.00
-0.30
-4.80
-9.70
-6.90
-2.40
1.10
-1.40
-2.10
2.80
3.00
-4.30
-10.60
-10.80
-10.10
-9.80
-8.10
-4.30
-4.10
-5.30
-3.10
3.20
5.10
1.40
2.80
10.20
10.50
5.80
3.60
2.60
-4.60
-9.90
-13.30
-14.90
-14.10
-13.20
-7.20
0.10
7.50
12.20
10.60
6.70
4.70
6.40
9.60
8.20
6.20
8.30
11.80
12.70
9.40
5.70
1.80
1.90
8.70
15.80
14.50
9.00
6.50
4.80
1.90
-5.70
-12.00
-12.30
-7.30
-3.00
-3.60
-7.80
-11.70
-10.80
-11.40
-15.50
-12.80
-6.50
-3.60
-5.90
-7.80
-9.60
-11.30
-5.50
4.30
12.10
13.70
12.40
12.80
14.40
15.70
13.40
10.90
14.10
21.70
19.80
9.90
3.30
-0.70
-8.90
-11.90
-5.80
-1.20
2.10
1.80
0.50
-0.90
-7.40
-13.40
-10.60
-5.40
0.40
6.00
6.80
6.00
2.70
0.40
0.10
-2.80
-2.90
2.30
4.50
1.10
2.00
6.60
11.50
13.30
13.20
12.90
10.40
4.60
-2.60
-6.80
-7.90
-9.90
-12.60
-13.50
-15.40
-16.00
-10.30
-6.30
-4.30
-3.50
-2.70
0.00
1.90
-1.20
-4.40
-6.00
-4.10
3.00
11.20
9.40
4.80
1.40
-3.00
-1.90
-1.00
-3.90
-2.20
-2.40
-3.00
-0.70
-1.70
-2.40
-4.30
-5.00
-0.50
1.10
-1.10
-3.50
-9.20
-11.30
-5.80
-0.50
-0.70
-1.40
0.80
4.50
0.50
-4.60
-2.50
1.10
5.40
11.20
11.10
5.60
5.10
4.30
1.30
0.30
1.80
3.20
5.20
7.40
7.70
3.80
-0.30
-0.60
-1.20
0.50
0.10
-3.10
-4.60
-9.70
-12.90
-13.20
-15.00
-12.00
-5.80
-3.70
-6.00
-4.50
-0.60
-1.50
-4.80
-8.40
-11.30
-9.70
-2.10
3.30
2.90
0.00
-4.60
-9.60
-11.40
-12.20
-7.20
-1.30
0.70
5.90
12.20
13.10
14.40
13.90
11.60
9.00
6.50
5.90
5.50
5.00
6.10
8.70
8.20
6.60
5.30
2.60
1.30
3.40
6.30
2.80
-4.10
-6.00
-0.20
4.40
4.50
3.40
3.50
5.00
7.20
8.40
6.70
5.50
4.70
3.60
4.60
4.70
4.20
5.20
5.30
3.30
1.90
1.00
-1.40
-3.40
-4.80
-5.80
-5.80
-5.70
-7.30
-6.80
-5.60
-4.50
-3.10
-4.40
-6.20
-7.10
-5.10
-5.00
-6.30
-5.10
-1.70
2.00
4.70
5.50
4.40
2.40
0.90
-1.90
-2.70
4.00
5.80
7.00
8.10
3.70
-1.60
-3.50
-1.50
2.20
2.20
0.20
-0.20
0.80
2.40
4.90
2.30
-1.60
-2.40
-1.20
-2.40
-5.40
-5.80
-7.50
-8.70
-5.60
-2.40
-1.30
1.80
1.90
-1.50
-4.00
-3.60
-1.50
-0.20
0.20
1.60
0.60
-3.00
-7.50
-12.30
-15.80
-16.20
-11.70
-7.60
-6.60
-1.30
4.70
6.90
6.60
5.50
3.80
1.10
-3.20
-8.20
-9.90
-7.10
-2.00
1.90
4.10
0.50
-1.30
-1.00
-2.30
0.00
3.10
6.90
8.10
7.30
8.10
9.60
7.30
6.00
8.50
5.60
1.00
3.20
5.80
7.70
11.00
11.20
7.20
4.20
2.40
1.00
0.10
0.50
-0.40
-2.10
0.10
6.00
10.90
9.30
4.50
-1.20
-6.90
-9.10
-9.70
-9.50
-6.10
-3.40
-0.90
2.80
3.80
2.10
1.70
2.30
2.50
0.00
-0.80
-0.70
-1.00
-0.60
-1.90
-3.40
-1.80
-1.20
-3.20
-4.20
-6.30
-6.90
-5.90
-4.50
-3.40
-1.80
-2.40
-3.10
-1.70
-3.10
-3.00
-1.50
-2.50
-2.40
-2.80
-4.50
-3.70
-2.90
1.40
6.30
7.80
7.50
7.30
6.70
7.00
5.20
0.40
-1.50
0.00
1.40
0.20
-1.70
-1.00
-0.20
0.20
-1.60
-3.80
-3.30
-2.80
-2.20
-1.00
0.90
1.00
0.00
-0.10
-2.80
-6.30
-8.50
-8.70
-5.90
-4.50
-4.60
-3.90
-0.20
3.90
6.00
5.60
4.50
5.20
3.70
0.40
-0.70
-1.10
-2.10
0.20
3.60
3.10
1.60
0.10
-1.60
-1.70
-1.80
-2.70
-4.10
-4.80
-2.80
-0.80
-0.30
-1.60
0.50
0.90
-0.40
-0.60
-1.50
-2.00
0.00
3.80
7.30
8.00
6.10
5.70
6.40
6.40
5.70
6.10
6.90
7.10
6.20
4.20
1.80
-1.40
-4.10
-4.90
-5.20
-5.40
-4.50
-2.70
-0.50
1.90
2.90
0.70
-2.20
-5.10
-9.10
-10.30
-6.50
-2.80
-2.50
-3.00
-2.80
-2.00
-1.70
-1.90
-0.60
1.30
1.60
1.50
3.50
4.20
1.70
0.80
2.60
4.40
6.40
6.20
4.70
2.00
-0.70
-1.40
-1.10
-0.30
-0.90
-0.40
-0.40
-0.50
-1.00
-1.90
-2.20
-0.90
1.00
2.30
3.40
3.00
1.00
1.30
0.00
-2.70
-2.70
-1.40
1.20
3.70
5.30
5.40
3.00
-1.40
-4.90
-6.40
-4.40
-1.40
0.50
1.90
2.00
0.70
0.50
-0.40
-2.30
-2.40
-1.30
1.20
4.00
5.00
4.90
3.50
0.70
-1.30
-1.90
-0.60
0.60
1.60
3.90
4.30
4.30
5.80
5.80
4.00
2.50
1.50
1.00
1.00
0.00
-2.20
-3.30
-4.90
-5.70
-5.00
-4.90
-4.60
-3.20
-1.60
0.10
1.30
0.80
1.20
1.30
0.00
-0.70
-3.10
-5.10
-5.50
-5.10
-5.60
-5.50
-4.00
-0.30
1.80
1.20
0.10
-0.60
0.00
1.90
3.40
2.90
2.50
2.10
1.40
-0.80
-2.40
-1.30
-0.50
-0.10
0.20
0.40
0.50
0.10
1.00
3.30
3.30
2.60
4.80
4.60
1.70
0.30
1.00
1.00
0.60
-0.70
-2.40
-2.60
-3.50
-4.10
-3.10
-2.10
-2.50
-2.30
-0.70
1.20
1.90
0.60
-1.90
-1.80
-1.00
-1.30
-0.50
0.50
1.50
2.10
2.00
2.10
2.70
2.90
0.20
-2.50
-3.60
-4.70
-4.10
-0.80
1.10
3.80
5.20
5.40
5.30
4.70
4.40
4.40
4.30
3.30
2.00
0.90
0.60
2.00
0.50
-1.20
-2.00
-3.50
-3.50
-3.20
-3.70
-4.10
-2.90
-1.10
0.10
1.40
1.40
-1.00
-4.10
-6.00
-7.80
-7.80
-6.80
-5.20
-2.60
0.30
0.60
2.50
4.80
4.50
1.60
-0.80
-2.30
-3.00
-3.70
-4.10
-2.80
-0.20
0.80
1.00
1.40
2.60
0.70
0.40
0.80
0.90
2.50
4.50
4.70
4.60
3.50
1.10
0.40
-1.30
-1.50
-0.90
-1.10
0.30
0.80
0.20
0.50
0.70
0.50
