2001 0.02
-1.10
2.90
4.10
2.40
1.50
-3.20
-3.30
-0.70
2.50
1.40
3.00
2.00
0.90
0.80
1.10
1.10
2.70
1.40
-1.00
3.20
2.60
1.30
3.50
4.10
3.10
0.80
-4.00
-4.50
-0.60
4.60
5.80
1.10
-0.90
-0.10
-0.70
3.10
2.30
-4.90
-6.50
-1.70
3.50
8.00
7.70
-3.10
-9.60
-4.80
-2.00
-2.70
-3.40
-4.90
-4.10
2.00
6.70
4.90
-1.70
-3.90
-2.60
-2.40
-0.90
-0.20
-1.70
6.20
4.80
1.50
2.50
4.30
1.30
2.90
1.70
-3.60
-7.60
-1.60
3.40
2.70
-1.90
-7.10
-9.10
-4.80
2.90
0.40
-5.10
-9.70
-8.90
4.60
16.00
9.70
-7.10
-13.80
-12.90
-4.00
7.50
12.40
4.60
3.40
3.00
0.40
-3.30
-5.40
-3.20
-2.40
-2.90
2.60
-2.30
-3.40
-2.00
-0.60
1.50
1.60
0.90
1.70
0.50
-2.70
1.30
-0.50
-2.80
-2.90
0.80
-0.90
4.70
0.60
2.00
4.40
3.90
2.10
0.60
-2.10
-2.60
-6.80
0.30
1.60
-4.20
-4.70
-4.70
-4.80
-5.00
-10.20
-12.10
-6.00
0.50
3.90
3.20
0.30
-9.40
-5.20
-2.50
-1.00
5.40
1.40
-1.50
0.50
2.40
4.10
-2.80
-4.00
0.80
2.20
-3.00
-6.10
-3.80
1.90
16.70
16.10
8.50
-0.10
-9.60
-9.10
0.40
-2.20
-2.10
6.80
8.00
1.60
-2.50
-2.20
4.50
7.00
8.60
1.10
-4.50
-9.40
-10.80
-2.30
2.90
1.50
-3.60
-9.30
-8.20
-3.90
5.10
3.60
2.00
4.60
-2.30
-7.30
-5.50
0.60
4.00
0.50
-0.40
-5.50
-11.80
-11.30
-10.40
-8.60
-2.10
2.20
5.30
-1.90
-14.30
-14.40
-3.70
-0.70
2.90
3.20
0.30
-3.20
-6.80
-5.50
4.50
6.90
5.80
9.20
9.30
0.10
-3.90
-1.40
4.60
17.10
10.10
-4.50
-3.50
-4.50
-8.40
-13.30
-12.90
-12.50
-14.00
-13.70
-7.10
-2.90
2.40
0.80
0.20
3.00
11.70
25.70
43.10
55.70
60.20
69.80
75.00
64.50
54.20
33.90
4.50
-27.10
-45.30
-33.20
-10.50
-7.10
-26.20
-57.10
-85.10
-85.40
-75.80
-49.80
-26.10
10.70
33.20
27.00
-13.00
-28.70
-7.30
-23.40
-71.90
-71.50
-24.10
36.60
72.10
61.60
37.10
13.40
-1.70
5.20
39.20
30.20
3.00
5.80
-7.40
-12.50
17.70
54.60
68.40
57.40
45.10
12.10
10.20
28.10
18.00
-2.80
-33.60
-49.00
-14.30
40.20
47.70
14.00
-18.40
-20.10
-33.60
-33.40
-5.10
29.40
17.00
-3.40
-22.70
-36.50
-52.50
-91.60
-136.20
-146.60
-109.80
-43.10
10.40
42.50
60.20
46.50
-5.60
-8.60
30.70
77.00
81.80
49.10
-7.50
-25.50
-1.40
7.60
-26.80
-78.00
-107.90
-88.10
-21.70
50.50
75.30
80.40
69.80
75.10
90.00
55.60
13.10
6.30
32.50
58.60
59.20
31.50
13.00
-21.80
-61.30
-83.80
-73.50
-38.60
11.60
64.70
97.00
76.50
35.60
37.00
48.20
49.60
31.60
12.20
15.40
18.60
-5.20
-56.70
-89.10
-68.40
-30.80
9.40
30.90
22.80
-14.80
-80.30
-111.30
-86.40
-34.50
-6.80
-28.40
-39.30
-18.20
37.30
102.10
122.00
82.20
-4.40
-69.40
-74.10
-35.80
-6.00
-10.30
-24.70
-46.40
-90.90
-140.70
-167.30
-147.80
-91.60
-0.50
63.00
106.50
123.10
92.60
62.50
47.50
46.60
64.70
44.20
-31.20
-61.00
-16.90
24.10
20.70
12.60
21.50
7.30
-29.20
-19.10
56.40
125.50
152.10
159.20
141.40
55.50
-35.40
-86.70
-64.80
-27.30
-4.70
20.80
29.10
27.90
26.90
-23.30
-93.20
-85.70
-59.60
-50.00
-17.10
5.30
-17.50
-25.10
21.10
48.40
-12.10
-77.00
-48.60
8.10
18.40
21.90
43.70
44.00
36.10
51.90
70.80
65.10
57.50
13.90
-37.10
-58.70
-45.30
-19.40
-19.40
-19.60
-34.70
-44.50
-46.50
-14.80
29.90
42.10
12.20
-13.10
8.10
42.20
28.00
-20.80
-24.60
9.40
25.20
-0.30
-26.30
-43.30
-56.00
-46.30
-11.30
27.40
13.00
-12.90
-15.00
12.60
27.80
8.50
-17.00
-28.50
-23.80
10.60
27.10
8.10
-10.50
-21.40
-35.20
-45.10
-54.70
-39.30
10.20
51.30
47.40
21.90
11.60
19.70
17.30
-16.40
-58.70
-91.70
-104.90
-111.60
-51.40
24.10
26.20
-9.20
-9.80
24.60
11.30
-32.20
-47.70
-22.10
-9.60
-10.00
-2.30
6.30
7.00
4.90
0.30
-8.10
-30.40
-38.50
-24.10
-14.20
-19.50
-38.30
-47.60
-34.70
-5.40
16.30
30.90
34.50
12.00
-37.00
-44.10
-16.60
11.30
15.80
19.70
32.10
53.00
69.20
67.60
46.90
2.10
-35.70
-38.90
-42.30
-36.90
-11.90
7.90
5.60
3.80
21.30
35.20
19.60
-5.60
8.70
44.00
59.60
42.90
25.00
7.90
0.90
-8.60
-22.30
-26.50
-4.80
28.80
47.80
41.90
16.60
-10.00
-25.70
-30.90
-31.20
-19.70
-11.60
9.10
52.40
74.20
62.50
44.30
40.20
48.90
46.70
22.40
-12.60
-34.70
-43.10
-40.40
-32.00
-10.10
-1.00
-4.50
-13.20
-2.80
28.80
50.40
43.50
32.50
23.00
17.00
2.60
-9.50
-7.00
6.40
10.60
0.20
-2.10
12.80
28.30
32.50
11.70
-14.70
-23.60
-11.40
8.30
26.30
41.80
52.70
46.10
30.70
13.60
6.70
-0.40
-7.30
-3.00
0.70
1.30
7.60
20.90
22.00
10.00
0.20
-3.90
-10.90
-9.70
-6.50
2.70
17.60
26.10
24.10
12.20
-13.30
-39.40
-48.30
-38.10
-23.80
-16.70
-15.40
-20.40
-21.60
-22.60
-28.80
-40.90
-39.50
-16.30
9.00
32.70
48.20
41.20
17.10
-3.40
-20.40
-23.90
-15.60
-2.50
5.40
-5.10
-12.90
-10.60
-5.90
3.90
4.80
4.10
2.50
-6.50
-11.60
-5.90
-8.70
-13.40
-2.30
12.60
20.90
16.00
0.80
-12.00
-21.10
-24.80
-15.50
-7.10
-3.90
2.50
-1.80
-12.70
-4.80
13.80
29.70
43.50
52.70
45.80
22.60
-4.10
-21.70
-29.90
-37.30
-32.50
-29.10
-22.10
-4.50
8.70
3.10
-19.60
-36.90
-38.30
-31.00
-21.30
-11.20
-2.60
-5.50
-9.40
-11.00
-26.60
-35.10
-26.10
-16.20
-12.30
-9.60
-10.90
-13.60
-14.70
-16.70
-18.30
-22.90
-22.00
-12.00
-7.70
-13.90
-19.00
-21.40
-8.90
8.80
14.60
12.90
4.60
2.50
-0.10
-1.70
-2.30
0.00
7.60
19.30
29.70
32.50
27.60
4.30
-12.60
-12.30
4.00
14.30
10.70
-1.20
-9.40
-5.20
7.80
15.70
14.30
6.80
-3.60
-14.20
-15.20
-11.90
-4.00
7.30
16.50
17.50
21.20
21.60
21.20
16.00
12.80
14.80
16.40
11.00
-3.50
-11.40
-12.50
-10.30
-10.30
-7.30
-4.00
3.00
13.40
19.90
23.90
24.50
24.00
24.10
28.60
26.50
16.80
5.30
-3.40
-0.30
1.70
2.00
4.70
4.10
8.00
18.30
25.90
20.80
12.20
3.60
-6.30
-13.40
-18.10
-18.30
-10.80
1.80
7.30
-3.50
-11.20
-8.80
-7.10
-4.20
2.70
4.80
1.50
-5.20
-3.40
5.10
9.60
11.00
13.30
12.30
12.80
10.50
-0.60
-6.10
-8.80
-7.40
-7.20
-6.40
-4.10
4.40
12.10
16.20
4.20
-11.10
-22.40
-24.30
-28.60
-27.20
-16.50
-5.50
2.90
2.60
-3.80
-4.60
-3.40
-4.80
-9.90
-11.80
-4.60
6.10
13.70
8.30
5.40
8.90
7.10
5.90
5.90
4.70
0.60
1.40
9.10
14.20
17.40
26.80
32.70
27.10
13.60
3.00
-3.90
-3.00
3.90
2.00
-3.20
-6.40
-7.40
-10.90
-13.10
-8.20
-8.80
-9.70
-6.20
-5.20
1.30
13.20
19.90
8.20
-4.20
-9.20
-3.50
1.70
-5.60
-16.00
-20.20
-24.80
-20.90
-8.40
0.40
5.80
6.10
5.30
2.60
-1.60
-0.60
7.20
13.70
11.20
4.30
-0.50
-11.20
-18.40
-16.90
-10.80
-4.40
-6.30
-16.80
-17.30
-4.10
3.50
-3.50
-4.20
-7.30
-15.10
-13.90
-2.30
2.80
-5.50
-13.90
-13.90
-4.80
2.60
6.80
4.80
5.00
9.60
7.10
0.20
-5.60
-11.80
-10.90
-2.30
4.80
6.80
6.80
2.80
-10.00
-19.90
-19.40
-10.60
-0.70
7.60
9.10
6.10
1.80
-0.10
-2.10
-10.30
-18.30
-15.10
-8.90
-5.00
-1.90
-0.50
-4.20
-7.50
-7.30
-6.60
-8.70
-11.20
-7.50
-3.40
-10.10
-15.10
-10.20
-1.90
4.60
6.50
3.20
1.60
3.20
3.50
4.10
5.20
6.40
5.60
3.50
8.20
6.70
1.40
0.60
3.90
7.70
8.10
2.50
1.70
5.30
6.40
5.20
10.50
18.40
18.90
7.10
-3.80
-6.80
-3.10
0.00
2.60
4.50
6.80
1.60
-9.40
-12.60
-11.20
-9.00
-4.80
3.60
13.10
15.20
6.70
-1.70
-5.50
-8.90
-9.20
-3.30
0.40
4.60
6.00
5.00
4.40
12.30
16.10
9.50
1.10
-3.80
-1.70
4.60
8.10
8.70
9.30
7.80
2.90
4.20
8.20
10.60
7.80
6.80
6.70
3.80
-3.30
-8.90
-7.90
-5.10
-0.80
5.20
4.60
4.00
1.10
-2.20
-5.00
-6.40
-6.90
-8.40
-9.70
-9.60
-6.90
-1.30
3.90
6.20
4.40
5.50
15.50
27.60
22.70
3.30
-9.50
-8.60
-4.00
-4.70
-4.20
-3.80
2.60
9.10
10.50
6.00
1.40
1.10
0.40
-3.70
-10.40
-4.70
6.50
12.60
15.80
9.10
4.00
-1.60
0.80
9.00
15.40
12.40
4.70
-0.30
-3.00
-2.60
-3.30
-5.60
-8.70
-4.20
5.20
4.10
-3.10
-6.60
-10.50
-14.80
-15.00
-11.70
-9.40
-6.10
-8.00
-6.00
-3.10
-3.20
-1.50
1.70
1.60
3.00
8.00
12.40
8.30
0.90
-2.70
2.50
11.00
18.30
23.30
20.80
14.10
8.70
3.30
1.90
9.10
15.60
18.90
20.10
17.60
14.40
18.00
13.80
5.90
2.30
5.20
6.40
1.20
5.10
11.00
12.30
11.50
-5.00
-12.70
-9.20
-5.90
-5.20
-7.40
-4.50
-1.70
-2.80
-8.70
-10.80
-7.00
-8.20
-12.90
-13.50
-8.40
-3.20
-4.50
-11.10
-17.40
-20.50
-19.90
-16.60
-10.30
-5.10
-7.80
-10.20
-7.70
-3.30
1.80
5.00
1.10
-6.50
-10.20
-7.10
-2.70
0.90
-1.60
-8.10
-16.80
-20.60
-18.80
-12.90
-10.50
-11.50
-8.90
0.90
9.10
10.30
4.30
-1.10
-2.60
-2.20
-1.10
2.60
6.60
9.60
10.20
6.70
0.70
-2.20
1.30
5.50
4.00
1.10
4.70
7.40
5.70
1.00
0.00
-2.20
-4.70
-4.40
-4.60
-4.00
-5.10
-3.40
0.60
3.70
5.80
7.00
7.60
8.80
6.00
0.40
-0.50
-0.10
-2.50
-6.90
-8.80
-7.80
-3.90
0.00
0.90
-4.20
-11.50
-11.40
-6.10
-5.70
-10.40
-12.20
-6.60
-2.40
-3.50
-6.10
-6.20
-2.10
3.60
5.60
1.60
-5.90
-13.50
-13.20
-9.60
-5.40
-3.10
-2.50
0.70
4.80
7.30
12.20
12.70
8.20
2.20
-0.90
-0.30
0.40
0.70
-1.40
-5.80
-10.40
-10.30
-3.90
2.90
4.30
0.00
-2.50
-1.20
-0.30
0.00
1.40
4.40
4.20
0.60
2.90
4.90
2.50
-0.50
-1.20
2.20
4.70
4.10
1.80
-1.80
-1.60
3.40
5.00
3.30
4.00
5.80
5.80
5.00
3.50
1.60
0.70
5.10
10.70
10.00
5.30
0.10
-3.50
-0.70
2.40
0.80
-3.80
-7.30
-7.90
-5.30
-3.30
-4.00
-6.70
-7.50
-9.50
-10.40
-6.30
-2.40
0.70
5.10
6.70
5.60
3.00
0.80
-1.60
-2.90
-2.70
-1.80
-2.10
-6.20
-9.20
-7.70
-4.50
-0.30
1.30
-0.20
-0.60
-0.70
-1.50
-4.50
-8.30
-10.10
-6.90
-0.60
2.20
1.00
-0.80
-0.40
1.40
2.60
5.40
10.10
11.80
9.60
5.90
4.70
3.50
3.60
5.00
6.40
5.80
3.20
-1.20
-1.30
2.30
4.90
3.50
0.90
2.20
4.00
4.80
4.50
3.80
4.90
5.90
4.70
2.70
2.30
4.00
7.40
8.60
6.00
2.50
-0.10
-1.00
0.70
3.70
6.70
6.00
4.00
2.90
5.60
6.80
5.90
2.40
-1.00
-3.50
-1.50
1.90
3.00
3.00
2.20
2.30
3.00
3.80
2.20
0.90
3.20
6.60
7.90
6.50
6.60
8.50
9.10
7.20
4.70
5.00
5.40
4.70
1.60
-1.60
-2.40
0.30
1.60
-0.80
-0.70
0.80
2.20
-0.40
-2.30
-0.60
0.40
-0.30
-1.80
-2.00
-2.90
-4.10
-4.30
-3.50
-3.50
-3.50
-3.10
-4.70
-7.70
-9.20
-8.00
-9.80
-9.80
-9.10
-5.50
-0.90
3.50
6.50
3.60
-2.00
-6.10
-8.40
-6.90
-4.20
-2.60
0.90
4.20
4.00
2.50
1.40
0.20
-0.80
-1.70
-0.70
2.00
4.10
6.50
7.50
5.20
2.50
3.50
5.30
7.40
5.80
4.40
3.10
0.70
-2.10
-4.60
-5.00
-3.60
-4.50
-5.40
-6.20
-4.50
-1.90
0.50
0.30
-3.90
-7.70
-7.40
-7.00
-4.70
0.00
0.90
-3.10
-6.70
-7.50
-7.20
-7.70
-10.20
-11.60
-12.10
-10.10
-7.30
-5.10
-3.80
-2.70
-1.10
0.90
3.80
4.20
3.80
2.90
1.00
-1.50
-2.40
-4.00
-4.70
-4.60
-4.10
-1.20
3.30
6.30
8.20
7.10
5.00
2.70
2.70
2.90
0.20
-2.00
-0.20
3.00
4.80
4.10
2.60
1.10
1.30
1.90
0.50
-1.80
0.40
3.90
5.90
4.10
1.80
-0.10
-2.10
-3.80
-2.20
-0.40
-0.30
0.50
1.80
2.60
2.70
2.60
4.10
4.00
4.50
6.10
7.00
4.60
2.10
2.60
0.90
-1.40
-0.70
1.00
0.10
-2.70
-3.70
-2.90
-3.40
-6.50
-7.60
-5.30
-3.20
-1.90
-1.30
-1.30
-1.00
0.20
2.30
2.30
0.60
-3.90
-5.20
-2.90
-0.80
-0.90
0.20
1.80
1.40
0.40
-0.20
-1.10
-0.70
1.40
1.10
-0.20
-0.40
-0.60
-1.70
-2.80
-2.30
-1.60
1.00
2.00
1.50
1.10
0.60
-1.00
-2.50
-4.70
-7.20
-6.00
-2.70
-1.20
0.50
3.90
6.20
6.80
7.50
8.30
2.70
-8.20
-15.20
-16.30
-9.00
-2.70
4.00
10.30
10.10
8.80
4.60
2.90
1.70
-1.70
-3.60
-0.20
4.90
6.00
5.70
1.50
-11.70
-22.40
-20.20
-9.20
-3.40
-1.20
-0.80
-0.10
1.40
0.20
-5.40
-9.90
-8.40
-4.90
-2.20
1.30
1.30
-1.60
-3.20
-1.40
1.60
4.10
3.00
-0.30
-0.70
2.90
6.70
10.60
6.70
-2.30
-4.50
-3.80
-4.40
-5.10
-6.60
-1.00
5.70
6.50
5.70
1.30
0.70
6.20
7.40
2.30
-2.40
-3.30
2.00
7.80
3.30
-6.20
-9.10
-2.50
5.90
10.60
9.60
7.00
4.70
7.40
8.30
5.60
4.30
4.90
6.10
7.90
4.20
-0.80
-2.10
-1.10
2.10
2.50
-2.70
-7.00
-3.90
1.10
4.10
4.20
2.20
3.20
2.90
1.00
0.20
0.20
3.20
6.10
1.30
-5.80
-7.80
-5.60
-3.50
-4.00
-4.20
-2.30
-3.70
-5.40
-2.00
2.30
4.10
2.80
-1.10
-7.30
-8.70
-3.00
1.20
1.80
1.70
1.90
0.50
-0.50
-4.40
-5.20
-1.10
0.30
1.20
0.80
2.70
4.50
4.70
3.40
-0.40
-3.70
-4.60
-5.20
-3.90
-2.60
-1.90
-2.00
0.00
3.10
2.20
-0.90
-1.50
-0.50
-0.90
-2.10
-4.10
-3.00
0.50
2.60
2.80
0.60
-2.10
-1.50
1.70
0.50
-2.40
-3.50
-1.60
-0.40
-0.70
-3.20
-3.80
-1.80
0.40
1.90
2.50
2.40
1.90
1.80
1.50
1.70
3.70
4.10
1.10
-3.40
-6.10
-7.50
-5.20
-1.30
0.80
4.10
8.50
10.20
7.90
5.60
5.40
5.00
5.10
5.80
3.60
3.00
6.30
9.40
6.80
5.50
4.30
0.70
-0.70
-1.70
-3.40
-4.30
-4.40
-1.80
2.30
4.40
2.70
-0.80
-1.60
0.50
2.60
1.40
-0.70
-3.60
-7.80
-6.00
-1.60
2.00
3.50
2.70
2.00
2.50
2.90
2.00
-1.30
-3.00
0.20
3.30
5.40
4.60
2.10
2.00
1.40
1.70
2.60
3.00
4.00
1.90
0.00
-1.60
-3.50
-4.00
-1.50
-0.30
1.30
2.50
2.30
0.30
-1.40
-1.60
-0.90
-1.30
-2.70
-2.80
-1.80
-0.60
0.90
-0.40
-1.90
-2.50
-2.10
1.30
2.30
2.60
4.80
8.00
7.20
2.80
-2.40
-4.90
-3.70
-1.60
-0.40
-1.40
-1.80
-0.80
0.30
2.00
2.00
-0.40
-0.90
0.00
1.70
-0.60
-4.40
-6.20
-5.60
-7.10
-6.50
-1.00
4.70
6.20
3.20
0.60
0.40
0.40
0.00
-1.70
-3.90
