2001 0.02
0.49
7.08
4.74
-3.71
-4.89
0.75
6.62
6.56
-3.36
-13.76
-12.61
-4.47
-0.08
-2.78
-10.45
-11.90
0.90
13.39
8.79
0.55
7.31
13.60
12.29
7.95
0.34
-11.82
-20.24
-8.77
12.72
23.45
17.68
8.49
2.79
0.35
2.45
7.48
7.64
-0.72
-8.37
-7.41
-7.81
-7.06
-0.60
4.81
4.02
0.58
-0.29
-1.28
-4.15
-4.70
-1.45
2.59
1.84
-4.03
-8.95
-5.43
2.88
-1.96
-9.94
-4.68
10.92
13.35
8.73
5.20
-1.08
-8.87
-11.53
-6.90
3.52
15.65
20.65
11.69
-0.89
-10.27
-14.32
-6.60
18.30
29.25
1.50
-33.90
-32.36
-10.32
8.68
9.81
0.62
-15.02
-14.11
5.64
25.66
20.36
-4.82
-27.92
-20.75
6.11
28.17
16.08
-20.38
-42.45
-24.16
11.73
41.22
42.10
13.22
-22.99
-24.17
-11.23
6.88
18.66
14.73
-3.88
-13.76
-3.76
12.53
19.24
9.62
-15.81
-43.57
-40.80
-16.27
6.61
22.69
34.57
36.15
29.54
17.76
5.29
-12.36
-29.30
-27.03
-22.38
-20.18
-9.29
0.83
-5.93
-18.29
-17.35
-2.86
9.07
13.81
22.07
29.68
28.15
18.28
5.94
-13.37
-28.61
-26.52
-8.66
19.19
34.96
29.39
1.92
-31.54
-32.87
-6.90
22.26
27.34
9.71
-20.58
-39.29
-36.64
-21.48
-5.60
7.72
11.24
-1.99
-13.14
-13.19
-8.89
-4.68
-5.77
-12.34
-17.00
-10.04
-4.27
-7.83
-10.97
-5.90
5.99
21.63
35.39
42.90
39.76
34.01
29.76
20.32
-0.26
-18.82
-21.52
-19.53
-18.26
-16.99
-19.97
-24.75
-18.82
-3.77
3.42
-2.32
-8.63
-10.43
-8.25
2.89
21.02
23.96
14.37
11.89
23.00
23.76
3.93
-27.89
-44.02
-41.22
-24.86
-3.15
10.29
7.21
7.17
26.49
54.47
55.58
39.06
15.40
-9.03
-19.60
-12.99
-6.46
-12.01
-32.06
-52.96
-51.93
-30.50
-0.17
22.83
32.38
32.91
24.26
15.37
8.49
4.98
-0.45
-11.47
-19.00
-16.55
-11.05
-8.94
-8.56
-4.19
2.06
10.91
18.15
9.31
-7.92
-18.51
-22.01
-13.37
11.35
31.81
29.31
16.75
1.26
-5.72
-7.48
-17.77
-29.22
-25.15
-10.78
2.03
10.04
21.81
31.70
25.12
6.43
-1.78
17.35
41.81
45.88
22.61
-11.48
-27.53
-28.94
-25.63
-21.29
-17.05
-14.47
-16.72
-15.92
-4.28
8.20
8.02
7.96
11.89
24.47
37.92
49.85
48.40
28.50
-10.97
-40.35
-48.81
-45.85
-43.44
-33.06
-15.69
-1.02
14.29
35.16
47.10
48.10
47.32
41.49
23.23
-4.86
-29.55
-48.93
-48.85
-33.99
-4.93
24.44
30.00
15.66
0.75
2.77
4.70
-1.86
-7.22
-0.78
1.70
-3.26
-10.67
-14.19
-12.72
-2.39
14.26
15.04
3.61
5.95
25.09
35.91
24.77
-7.98
-38.47
-39.77
-13.42
15.61
19.65
5.95
-6.96
-11.16
-5.54
5.65
19.40
23.45
8.96
-18.29
-35.88
-34.30
-27.18
-10.95
5.05
16.17
18.39
11.03
-5.22
-19.80
-22.40
-12.58
1.20
19.14
37.26
41.18
34.14
18.41
0.85
-7.77
0.59
3.09
-16.11
-53.25
-67.25
-50.12
-3.67
29.25
25.77
12.44
15.21
26.29
27.65
15.37
-5.33
-20.33
-25.72
-16.32
3.36
15.19
11.18
6.37
5.09
3.50
-7.16
-20.33
-29.32
-31.22
-20.55
-0.88
18.46
24.24
15.42
5.28
-0.67
2.81
15.85
29.61
29.74
1.79
-31.06
-38.07
-24.10
-5.80
4.38
-2.20
-19.24
-30.26
-29.74
-20.94
-6.14
11.10
17.73
14.65
11.85
11.43
9.85
4.54
-0.32
-4.05
-8.22
-8.73
-0.44
12.33
18.78
15.76
10.85
5.59
1.77
5.20
8.85
6.61
1.10
-8.28
-18.94
-23.49
-13.37
0.95
4.13
-4.12
-13.34
-15.11
-5.36
8.52
20.89
25.74
23.94
19.97
11.57
-1.94
-14.76
-19.21
-21.35
-26.14
-27.79
-17.16
-8.48
-8.82
-7.16
-1.55
8.35
18.96
22.22
14.85
0.52
-0.76
6.69
10.86
5.01
-13.16
-26.58
-25.75
-18.06
-5.84
1.39
-3.62
-17.05
-24.72
-17.44
-1.02
15.91
23.77
20.65
13.08
8.99
6.59
2.52
-2.43
-2.87
-0.66
-0.07
-0.67
0.71
4.33
8.92
9.89
2.06
-12.28
-24.67
-19.66
4.82
29.32
29.14
16.92
6.71
6.41
4.82
-1.40
-8.68
-7.93
-3.05
-1.52
-6.26
-10.53
-11.95
-11.64
-8.68
-0.51
7.21
7.93
-2.77
-17.91
-27.88
-22.80
-10.45
-4.67
-4.81
-0.99
11.37
25.44
35.38
42.77
41.72
28.56
6.62
-12.45
-20.60
-17.51
-17.10
-21.48
-26.16
-19.05
3.27
25.10
30.91
30.08
30.93
27.46
15.08
-1.93
-18.40
-29.80
-33.70
-30.08
-23.02
-12.68
-3.65
-1.71
0.81
7.07
13.97
12.99
3.69
-9.26
-17.72
-16.49
-12.74
-7.36
-0.96
5.34
11.52
13.51
11.40
8.84
12.42
20.97
28.73
27.02
19.29
12.53
4.24
-13.90
-30.74
-32.28
-21.17
-5.72
10.10
21.85
25.67
27.32
29.29
25.58
16.46
5.96
-0.25
-3.90
-5.40
-5.51
-8.34
-17.95
-29.98
-35.53
-28.88
-16.69
-5.94
0.38
2.86
5.16
11.61
20.62
25.76
22.63
17.62
12.68
7.90
3.76
-1.79
-6.69
-10.12
-10.39
-6.67
-1.69
-0.69
-6.20
-12.10
-15.69
-18.88
-21.25
-17.38
-2.56
11.94
15.29
13.34
16.38
25.32
34.26
32.31
19.68
2.80
-11.99
-23.61
-28.52
-21.48
-5.32
4.16
0.02
-7.13
-7.01
1.29
7.71
4.68
-3.23
-10.68
-9.52
1.99
12.52
14.51
11.19
9.43
8.48
7.11
2.57
-1.71
-2.77
-1.81
-0.68
-1.32
-3.05
-4.74
-5.21
-6.15
-8.81
-9.09
-3.88
3.32
8.05
10.83
13.91
15.75
13.40
7.05
2.48
1.05
-0.50
-5.54
-13.06
-14.71
-14.52
-13.48
-7.13
4.92
11.25
8.04
0.61
-6.91
-11.66
-12.65
-11.83
-6.86
-0.26
4.06
4.76
3.13
1.21
0.54
0.65
-0.87
-6.42
-12.52
-12.92
-5.92
2.59
5.47
7.14
11.08
13.92
10.47
-0.19
-11.51
-14.25
-9.20
-1.86
1.24
-2.38
-7.83
-6.69
2.29
7.07
4.31
0.65
-2.68
-5.91
-9.19
-11.48
-11.24
-8.41
-3.98
0.07
3.13
6.41
7.84
6.83
4.40
1.00
0.11
2.10
3.54
2.97
3.28
5.36
4.88
1.23
-1.21
-2.15
-2.32
-2.40
-2.16
-1.87
-2.22
-4.22
-8.05
-11.99
-12.80
-10.81
-10.01
-11.35
-12.39
-10.23
-1.47
7.07
10.02
10.12
10.17
9.23
6.45
2.65
-0.85
-3.95
-8.57
-12.74
-13.09
-8.11
-2.03
1.84
1.89
-0.38
-2.15
-1.15
2.09
5.73
6.50
2.93
-1.67
-2.50
1.37
3.57
3.40
1.93
0.31
0.43
4.67
10.89
14.01
13.90
14.23
12.92
8.40
2.82
-1.43
-4.97
-6.56
-6.59
-7.58
-10.04
-10.75
-7.92
-3.65
-4.34
-7.36
-8.20
-4.56
-0.54
1.39
1.80
2.68
5.16
8.68
11.50
11.30
9.15
6.19
3.69
2.23
0.82
-0.96
-1.77
-2.78
-2.64
1.07
4.99
5.06
1.95
0.31
0.66
1.89
2.76
1.67
-2.51
-8.38
-10.65
-6.19
0.06
1.51
-1.95
-5.21
-5.69
-2.39
1.60
3.81
2.63
-0.66
-3.66
-3.99
-1.55
0.63
-0.18
-2.15
-2.84
-0.83
2.55
4.00
1.45
-1.98
-3.60
-2.56
-0.88
-0.45
-1.18
-2.14
-1.68
0.99
4.91
7.09
6.24
5.00
6.24
9.80
11.83
10.78
9.31
7.43
6.20
4.82
0.20
-7.11
-11.93
-10.82
-7.46
-6.16
-6.51
-5.52
-0.79
6.67
12.07
13.55
13.56
13.03
10.78
7.39
4.10
2.27
2.04
1.16
-1.43
-3.43
-1.17
2.34
2.53
-0.62
-3.45
-4.83
-5.11
-4.08
-1.60
0.09
-2.45
-6.17
-5.15
-1.50
-0.74
-3.16
-5.87
-6.49
-4.74
-2.11
-0.08
0.00
-0.02
0.01
-1.08
-2.71
-4.01
-3.81
-0.75
5.71
11.87
12.33
7.31
1.10
-2.59
-3.22
-2.01
-0.98
-3.57
-8.41
-10.35
-7.20
-0.76
5.11
6.26
3.95
0.02
-3.52
-6.38
-7.75
-6.57
-4.15
-3.36
-3.74
-4.28
-3.77
-2.37
0.06
1.29
1.25
0.55
1.03
2.02
3.29
4.16
4.09
2.71
0.01
-2.69
-3.34
-1.65
1.26
4.95
8.53
10.54
10.25
6.47
-0.18
-8.07
-13.13
-14.58
-16.21
-18.67
-19.53
-16.08
-10.49
-3.63
3.23
6.96
7.85
6.53
4.47
3.97
5.05
5.61
6.48
9.41
10.71
9.27
6.17
3.87
3.82
5.04
4.75
1.43
-2.02
-3.13
-2.04
-1.84
-3.55
-4.81
-5.00
-4.95
-5.19
-5.77
-5.22
-3.51
-1.16
2.15
6.23
8.23
7.20
6.11
6.12
6.05
5.54
3.77
0.22
-3.96
-5.51
-3.42
-2.02
-3.06
-4.12
-2.73
0.53
3.24
4.76
6.14
6.85
6.70
6.88
7.19
7.42
7.32
6.13
2.84
-1.75
-4.18
-3.19
-0.92
2.17
7.30
12.14
12.96
10.69
6.80
2.54
-2.96
-8.48
-12.98
-15.93
-15.18
-10.11
-3.14
2.55
5.48
5.54
3.59
2.89
4.26
5.45
3.46
-0.42
-2.87
-2.27
0.44
2.17
1.25
-2.03
-5.07
-6.37
-7.54
-7.98
-4.80
0.74
5.02
6.69
7.88
8.48
5.84
2.36
1.31
3.05
3.36
0.83
-3.07
-5.26
-3.46
-0.01
3.08
3.93
1.60
-2.49
-5.42
-5.88
-4.28
-3.44
-4.77
-6.47
-6.50
-4.42
-2.34
-1.42
-1.45
-2.22
-1.20
2.36
5.90
6.50
5.24
4.41
3.57
2.42
1.18
-0.32
-2.48
-4.95
-7.23
-7.37
-4.33
-0.24
2.98
3.70
1.14
-4.16
-8.79
-10.37
-9.34
-6.77
-5.90
-6.80
-7.49
-6.15
-3.59
-1.69
-1.74
-4.16
-6.54
-6.59
-5.36
-5.07
-3.98
-1.85
0.52
2.53
4.04
4.65
3.77
2.42
1.80
2.05
0.42
-4.11
-9.45
-12.45
-11.77
-8.58
-5.89
-4.28
-3.64
-2.42
0.26
4.10
5.63
4.42
2.83
0.61
-1.68
-2.93
-1.63
0.05
0.42
0.69
0.63
0.96
1.36
0.75
-0.30
-1.86
-3.42
-5.67
-8.23
-9.45
-8.52
-6.29
-3.20
1.50
6.17
8.25
7.05
3.64
1.72
3.03
6.15
6.70
3.85
-0.37
-0.55
3.74
7.44
8.53
6.64
3.79
1.99
0.90
0.06
0.01
0.42
0.76
1.54
2.33
3.01
3.54
4.06
5.14
6.38
6.19
4.92
3.53
3.12
2.93
2.11
1.03
0.38
-0.48
-2.36
-4.24
-4.16
-1.38
3.33
7.97
10.20
10.33
10.42
10.22
8.97
6.06
3.08
1.49
2.06
6.02
9.51
10.77
8.40
3.44
-0.52
-0.43
1.73
3.04
3.64
3.94
3.97
4.18
4.37
3.79
1.68
-0.68
-1.73
-1.11
0.40
0.60
-1.01
-2.03
-1.78
-0.99
0.46
1.21
0.13
-1.74
-1.50
-0.13
-0.32
-0.64
0.23
1.72
1.25
-1.58
-4.74
-6.94
-7.59
-6.46
-4.27
-2.33
-0.75
0.44
0.79
1.99
5.48
8.51
9.66
9.35
9.41
9.56
7.91
4.63
1.45
-1.13
-2.36
-3.85
-5.86
-6.92
-7.18
-6.91
-5.75
-4.04
-3.07
-4.00
-5.71
-6.64
-6.15
-4.88
-4.00
-3.91
-3.81
-2.90
-1.72
-1.56
-3.02
-3.78
-3.36
-4.26
-6.59
-7.66
-6.43
-5.09
-4.61
-5.38
-4.92
-3.99
-3.90
-4.18
-4.32
-3.69
-3.38
-3.78
-4.86
-6.20
-6.95
-6.65
-6.07
-5.51
-4.99
-4.57
-4.61
-4.59
-2.79
1.51
5.64
6.70
5.72
3.99
2.28
1.96
3.35
3.52
2.04
0.15
-1.54
-2.88
-3.87
-4.51
-4.29
-3.32
-2.42
-1.14
0.02
0.34
0.51
1.07
0.78
-1.16
-3.94
-5.92
-6.58
-5.90
-4.78
-3.28
-1.12
1.01
2.97
4.70
6.30
7.33
7.36
7.35
7.10
6.26
4.74
2.93
1.01
-0.37
-0.90
-0.45
-0.31
-0.88
-2.74
-4.13
-4.09
-4.01
-3.55
-2.59
-1.12
0.55
1.98
2.92
3.26
3.24
3.35
3.63
4.20
5.40
6.83
6.79
4.77
3.88
4.84
5.87
5.67
4.22
3.01
2.90
3.16
3.79
4.48
4.95
4.40
2.76
1.43
1.88
3.10
3.81
3.94
3.07
2.81
2.49
2.04
0.96
-1.38
-4.70
-7.20
-7.71
-6.77
-5.02
-2.77
-0.70
1.24
2.65
3.25
1.75
-1.37
-3.48
-4.32
-4.54
-4.89
-5.32
-5.45
-4.69
-3.03
-1.04
-0.25
0.74
2.20
3.60
5.39
6.70
6.29
5.03
3.74
2.49
0.90
-1.37
-3.25
-2.42
-1.38
-1.40
-1.94
-1.11
1.05
3.89
6.50
6.78
4.56
1.52
-1.47
-2.59
-1.96
-0.62
-0.33
-2.01
-3.18
-1.81
0.06
1.17
1.30
0.10
-1.83
-2.89
-0.85
1.89
2.55
1.41
0.12
-0.36
-0.98
-1.26
-0.89
-0.92
-1.49
-1.98
-3.10
-3.68
-3.19
-2.15
-1.45
-1.11
-0.83
-0.71
-0.37
1.01
1.94
1.97
2.06
1.90
0.47
-0.46
0.00
1.11
2.74
2.82
1.35
0.88
0.91
0.97
1.64
3.38
4.44
4.59
3.91
4.11
5.61
6.02
4.19
1.90
0.36
0.27
1.07
1.56
0.76
-2.22
-5.04
-5.59
-3.12
-1.23
-0.85
-1.72
-2.77
-2.72
-1.27
1.17
2.53
2.54
2.50
2.81
3.91
3.28
0.55
-1.98
-3.36
-3.77
-3.63
-3.29
-2.50
-2.97
-3.75
-3.84
-4.39
-5.29
-5.84
-5.93
-5.38
-3.23
-0.62
-0.19
-0.32
-0.25
-0.76
-1.71
-2.07
-2.59
-2.81
-1.69
-0.77
-1.07
-0.72
1.28
3.15
3.23
3.12
3.42
2.39
-1.35
-4.17
-3.14
-1.79
-1.92
-2.80
-2.85
-3.55
-4.80
-4.71
-2.76
-0.37
0.10
-0.87
-2.23
-3.70
-4.79
-3.95
-3.09
-3.09
-1.58
1.78
4.55
5.34
4.74
3.54
1.63
0.52
0.58
1.47
0.67
-1.99
-3.95
-3.52
-3.10
-3.10
-3.52
-3.86
-3.58
-3.44
-3.54
-3.78
-4.18
-4.65
-4.24
-1.89
0.42
0.94
1.47
2.37
3.16
4.06
3.91
2.65
2.14
4.25
5.75
4.37
1.66
0.23
0.88
0.92
-0.02
-0.73
-0.17
0.58
0.21
-1.02
-1.48
-1.02
0.34
3.78
8.01
10.00
8.26
6.26
5.59
4.79
4.00
3.33
2.10
-0.82
-4.06
-5.31
-5.24
-3.69
-1.32
0.21
0.21
-0.51
-0.95
-0.73
-0.35
0.08
0.90
3.18
5.63
7.18
6.37
3.90
1.72
0.59
1.41
3.19
4.24
3.88
3.80
5.32
7.16
7.94
7.15
5.55
2.71
0.48
0.01
0.03
0.27
0.69
0.31
-0.47
-0.23
1.38
3.04
3.21
2.64
1.22
-0.64
-1.97
-1.02
0.28
0.25
-0.59
-1.46
-1.80
-1.55
-1.48
-1.34
-1.04
-1.20
-2.09
-2.36
-1.92
-1.65
-2.47
-2.60
-2.68
-3.36
-5.05
-6.00
-5.62
-4.82
-2.70
-0.52
-0.38
-1.44
-2.73
-3.29
-2.82
-1.25
-0.05
0.40
0.35
0.31
0.29
1.38
3.28
4.38
2.07
-1.42
-4.29
-4.99
-2.94
-0.17
0.08
-0.96
-0.98
-0.24
0.36
-0.14
-0.98
-0.87
0.70
2.08
1.56
-0.02
-0.91
-1.22
-1.21
-1.99
-3.52
-4.24
-3.21
-1.50
0.42
1.87
2.34
1.79
0.92
0.24
-0.43
-1.58
-3.10
-4.35
-3.10
-1.09
-0.19
0.01
-0.14
-0.57
-0.04
1.02
0.85
-0.28
-0.07
1.14
2.25
3.50
4.13
2.94
0.40
-2.03
-3.78
-3.73
-2.91
-2.84
-3.41
-3.62
-2.22
-0.16
0.52
-0.28
-1.07
-1.03
-1.44
-2.34
-3.49
-3.58
-2.72
-1.03
-0.19
0.15
0.22
0.10
0.52
2.36
3.77
3.94
3.22
2.85
2.59
2.33
2.26
2.67
2.98
2.78
2.12
0.94
-0.41
-1.19
-1.43
-0.92
0.53
0.38
-1.64
-3.67
-3.85
-2.40
-0.23
1.10
0.51
-0.73
-0.48
0.09
1.37
2.38
2.02
0.93
-0.33
-1.01
-0.79
-0.23
0.74
1.62
1.97
1.65
1.01
0.04
-0.53
-0.80
-1.30
-1.68
-0.82
0.25
1.00
1.55
1.84
1.79
1.75
1.43
0.72
0.09
0.13
0.70
1.08
0.23
-0.92
-1.27
-0.81
-0.25
0.25
0.20
-0.38
0.23
1.34
1.41
0.64
-0.34
-0.75
-0.70
-0.64
-0.60
-0.61
-0.43
0.32
1.40
1.88
2.07
2.33
2.12
1.38
0.55
0.70
1.42
0.99
0.28
0.16
1.47
3.36
3.90
3.34
1.75
-0.01
-0.55
0.23
0.64
0.71
0.45
0.16
0.01
0.21
1.13
2.09
2.06
1.60
1.60
1.74
2.01
1.49
0.85
1.04
0.85
