2501 0.02
8.20
-10.90
-24.30
6.20
32.50
9.60
-44.00
-19.20
9.70
-5.30
-10.90
5.50
-5.90
6.20
10.40
-2.50
-13.00
-14.80
-2.40
-5.80
-8.80
-2.10
6.30
33.10
25.70
-7.20
-5.00
8.40
22.70
11.00
-24.20
-26.50
-12.10
-4.80
2.90
18.90
-3.50
-33.40
-5.10
15.10
10.60
-4.70
-20.10
-16.40
1.30
9.00
-16.70
-25.50
-7.30
18.10
20.00
-0.90
-2.30
-21.40
-14.80
26.40
38.60
-25.50
-46.40
-0.60
2.10
-16.10
-11.50
2.00
-2.20
-1.40
23.30
4.80
1.10
8.80
18.90
16.50
2.30
-17.80
-16.10
7.30
28.00
15.00
-4.80
-18.30
-12.20
-7.00
5.30
16.80
18.30
16.20
2.50
4.10
20.20
-12.50
-51.80
-40.40
5.60
13.30
-1.30
10.40
12.00
9.10
8.30
-4.70
-12.00
4.10
17.60
0.30
-15.20
-24.40
-18.10
-3.60
-0.60
3.20
7.00
6.70
1.80
1.50
-12.90
-34.20
-31.50
-16.50
-7.40
-11.60
-9.40
-3.40
12.00
0.50
-1.40
3.50
6.60
14.90
11.10
-2.60
0.80
8.80
12.10
5.60
5.00
16.50
6.60
-20.30
-20.90
15.60
10.50
-8.60
-27.10
-9.00
11.30
16.70
-28.80
-29.30
10.60
40.10
18.50
-7.40
-18.20
-10.40
-5.40
1.00
-8.30
-13.50
-6.20
7.10
12.50
-3.70
-16.50
3.80
14.00
-0.40
-11.10
2.20
28.70
26.20
-0.10
-14.80
0.00
19.20
37.70
21.00
-0.50
-4.30
-2.80
-3.30
-12.90
-13.50
-2.70
-3.30
-1.50
-10.00
-10.60
8.20
9.70
-10.90
-38.20
-45.80
-25.90
-3.10
10.50
1.80
-7.30
-6.00
9.30
14.00
5.30
5.10
14.30
5.80
-18.90
-39.00
-17.10
8.10
19.60
4.00
-18.70
-18.50
11.00
38.20
32.10
-0.10
9.30
32.80
63.50
38.80
-12.90
-65.80
-45.70
0.10
42.00
50.50
29.90
8.30
-13.70
-27.00
-14.80
4.60
27.90
-8.80
-22.40
-10.20
-16.10
-28.80
-24.20
-22.00
-7.40
10.80
17.70
-1.80
-32.30
-71.40
-30.40
27.00
66.70
13.30
-27.80
5.60
55.10
43.60
0.90
-8.20
12.20
37.30
44.70
18.60
-9.10
-53.70
-65.60
-40.80
-15.90
28.50
52.20
35.30
11.60
-17.90
-46.40
-48.60
-45.70
-22.70
15.60
57.60
57.80
-12.20
-64.40
-46.60
-4.40
29.20
69.50
56.70
55.80
37.90
-8.40
-64.40
-63.40
4.60
79.10
93.30
36.80
5.90
16.00
25.90
30.80
25.10
15.60
13.50
12.40
-30.40
-74.80
-72.30
-52.60
5.70
77.10
93.30
55.40
36.30
44.40
61.90
45.50
-3.00
-36.70
-11.00
28.30
65.30
11.30
-65.30
-157.60
-194.30
-149.70
-89.40
-26.80
35.10
51.50
13.10
-50.20
-69.20
-78.60
-46.10
1.50
48.80
10.90
-65.60
-76.30
-86.20
-66.90
-23.50
25.40
71.50
125.20
116.30
1.60
-82.60
-13.40
115.10
119.60
-6.40
-86.00
-65.50
-29.80
-17.40
24.20
42.60
-36.20
-19.20
17.90
-21.10
-62.20
-40.10
-7.60
35.10
70.70
114.90
104.80
47.10
-14.50
-5.80
40.00
95.00
118.40
40.40
-45.50
-37.70
3.60
-0.30
-52.40
-70.60
-29.30
20.90
76.00
81.10
40.80
-4.80
-38.10
-9.70
34.00
65.90
-0.20
-55.80
-30.80
15.30
13.40
-52.10
-65.60
-10.30
64.90
118.70
150.10
144.30
63.30
-32.20
-96.00
-46.60
22.90
2.60
-46.90
-34.20
-3.90
20.10
10.60
15.20
32.00
-49.20
-106.90
-145.90
-142.10
-126.60
-95.70
-91.70
-61.80
9.10
86.10
54.40
-65.80
-109.20
-100.50
-21.90
101.50
104.40
49.10
-25.00
-41.30
21.20
67.70
22.90
-11.90
25.40
24.90
12.40
-5.30
-18.70
3.60
45.30
76.90
103.20
94.30
64.50
32.00
-1.20
-31.60
-55.90
-81.20
-94.80
-74.80
-47.10
-15.00
25.10
72.50
79.60
69.20
87.60
50.00
-5.20
-41.70
-66.20
-70.50
-61.10
-62.70
-40.70
-9.00
9.10
-7.40
-20.40
13.90
74.50
103.60
77.40
38.20
-0.50
-41.90
-53.60
-21.80
21.10
35.90
-18.20
-78.80
-78.50
-51.90
-24.80
-20.20
-36.00
-35.80
-23.60
-16.70
-15.60
-3.90
17.40
43.60
42.00
-1.00
-32.60
-15.20
5.50
-4.40
-2.70
3.40
-4.10
-11.00
16.50
46.20
63.80
64.20
66.20
60.60
40.40
17.40
17.20
2.00
-17.30
-3.40
21.90
32.10
12.70
-1.00
-3.50
7.60
26.80
50.20
42.00
8.10
-32.70
-41.40
13.00
51.30
24.90
-19.80
-70.40
-100.00
-70.60
-23.60
14.50
10.90
6.80
-10.90
-32.50
-34.50
-27.50
-16.00
-9.70
-4.10
12.20
24.70
18.40
0.80
-2.40
14.20
33.90
51.30
13.90
-48.40
-48.40
-16.00
14.20
1.60
-30.30
-31.60
-1.50
34.10
58.30
29.10
-21.40
-41.60
-18.50
9.70
24.10
-2.30
-33.20
-34.10
-5.70
12.60
17.60
24.80
41.30
30.80
5.60
-18.30
-41.70
-64.90
-84.10
-72.90
-57.30
-50.50
-48.90
-47.10
-27.70
-0.30
33.30
65.60
66.80
43.20
39.60
57.40
80.60
87.80
62.90
34.10
8.20
4.40
11.30
1.10
-3.00
18.50
46.20
41.70
18.90
-3.50
3.80
29.20
33.10
-18.60
-42.70
-54.90
-53.40
-48.70
-48.90
-57.50
-47.90
-33.60
-24.10
-31.20
-35.40
-26.10
-15.20
-4.80
-16.60
-42.40
-53.10
-39.80
-37.00
-11.50
18.30
31.90
30.70
14.30
4.00
10.30
17.90
19.40
29.90
43.40
54.60
36.00
5.40
-1.40
6.30
-13.80
-32.20
-42.30
-35.60
-24.90
-20.30
-13.40
0.10
12.10
27.00
31.00
19.20
2.00
-3.10
10.90
27.30
38.60
38.90
43.30
44.70
51.60
39.70
13.40
1.00
14.00
4.90
-10.60
-38.60
-43.80
-33.50
-33.40
-21.80
-3.60
10.00
20.50
10.30
-4.00
-3.70
4.30
11.80
10.00
-1.80
-6.50
0.10
9.30
3.60
-10.70
-27.20
-28.90
-13.80
-1.30
-11.50
-27.70
-22.60
-9.60
0.80
-9.60
-21.00
-9.50
12.90
23.10
22.20
23.00
15.70
10.70
18.50
29.20
18.20
-1.00
-15.10
-15.30
-17.70
-21.90
-22.00
-9.30
-3.10
-13.70
-30.00
-36.70
-30.40
-28.80
-22.20
-13.00
-8.50
0.10
12.90
20.40
16.40
19.00
26.40
28.90
26.90
26.60
22.10
11.40
9.20
3.60
-2.50
1.50
13.00
13.00
3.50
-7.00
-3.60
9.50
18.70
8.50
-3.40
-12.90
-15.80
-9.50
-0.30
11.10
13.50
9.60
7.20
10.10
15.90
16.40
6.00
-6.30
-7.30
-0.40
6.30
4.80
0.80
3.20
11.20
11.00
3.10
0.10
2.80
-2.10
-15.30
-35.30
-46.00
-47.70
-44.70
-33.00
-20.10
-4.10
1.50
-3.80
-2.10
-2.20
-7.70
-10.60
-10.90
-5.30
3.80
13.80
18.20
15.70
13.20
7.50
6.20
3.00
-2.60
-0.70
6.40
9.60
12.90
18.60
14.90
5.50
2.60
-2.30
-9.80
-17.90
-24.60
-13.90
8.90
21.30
14.70
2.80
-0.50
12.70
25.10
28.40
32.50
33.50
17.30
0.20
0.00
3.80
-2.90
-16.00
-19.10
-10.40
-0.40
-3.70
-7.10
-1.40
6.00
8.00
0.30
-4.60
0.30
9.10
16.90
10.90
-2.60
1.00
13.30
26.40
20.00
4.40
-14.60
-17.20
-4.00
-13.60
-30.80
-31.70
-12.70
-3.20
-6.80
-10.60
-14.40
-13.00
-13.70
-21.90
-29.00
-23.60
-15.40
-13.90
-12.10
-2.10
7.10
15.10
16.80
7.80
3.30
-0.60
-3.20
-2.10
-2.70
-3.80
-0.40
6.90
13.20
10.20
2.60
4.00
9.50
5.10
-3.90
-6.00
5.10
15.30
12.10
3.10
0.00
5.50
5.30
-3.50
-11.60
-17.50
-20.90
-18.60
-14.10
-13.50
-10.80
0.20
12.50
23.00
20.90
15.20
11.10
13.20
15.50
17.30
18.30
19.50
16.60
12.00
6.50
6.10
11.70
10.50
3.40
-4.20
-12.70
-16.60
-14.60
-12.20
-13.50
-18.20
-17.20
-13.80
-6.10
0.60
5.80
2.00
-6.80
-16.90
-21.60
-16.70
-10.60
-5.00
-7.50
-7.90
-2.50
3.80
6.10
6.90
11.60
16.90
15.50
9.40
5.50
8.00
12.80
13.60
9.20
5.10
3.90
1.30
-3.00
-2.80
-1.20
0.50
2.20
1.60
-3.80
-4.00
1.30
7.90
10.90
5.40
-1.20
-5.00
-6.90
-8.90
-10.50
-9.70
-6.00
-5.60
-9.60
-14.40
-15.10
-10.90
-9.30
-10.40
-7.80
-3.30
3.00
9.30
12.50
14.50
16.40
18.40
18.60
14.80
13.60
12.70
15.30
20.10
26.20
26.40
18.40
13.40
11.30
9.90
11.10
13.40
16.00
12.00
2.60
-6.90
-15.60
-24.50
-30.40
-30.60
-35.30
-40.80
-39.40
-35.40
-31.00
-26.60
-25.00
-25.60
-17.60
-7.90
1.70
8.20
7.30
4.10
0.00
-4.70
2.00
13.50
22.90
22.80
23.80
28.90
32.00
27.40
20.60
17.80
19.30
19.50
12.90
2.90
-1.40
1.40
1.00
-4.10
-7.20
-8.70
-9.40
-11.30
-12.40
-7.40
-1.20
-0.30
-2.60
-4.30
-4.20
-7.60
-12.80
-18.70
-16.10
-8.80
-5.00
-1.40
0.70
0.10
-2.70
-3.60
-2.10
-6.80
-12.40
-11.70
-9.20
-12.70
-12.90
-10.10
-6.00
-1.00
3.50
1.60
4.20
12.30
20.10
28.20
29.10
23.00
16.70
8.90
-0.60
-11.00
-21.20
-30.80
-26.30
-17.30
-14.40
-6.40
3.10
5.10
9.50
14.70
11.20
3.90
1.20
-0.90
-5.90
-7.70
-6.70
-4.80
-1.70
2.10
2.70
-2.60
-8.50
-14.90
-15.00
-10.00
-6.00
-3.80
-1.70
2.00
3.30
0.80
-2.00
-5.40
-2.80
3.90
11.00
17.60
23.40
29.30
34.90
41.10
42.80
36.80
30.00
22.30
17.80
19.70
18.70
12.40
7.20
2.70
-3.20
-6.80
-6.60
-11.10
-15.90
-16.80
-17.60
-19.90
-22.20
-24.50
-20.60
-11.70
-7.90
-15.10
-19.30
-17.90
-14.50
-14.80
-20.80
-26.40
-22.60
-14.80
-10.90
-15.90
-15.40
-9.00
-4.60
-2.60
-1.70
-3.40
-3.50
2.00
9.60
17.50
24.70
21.40
16.10
17.50
21.80
25.90
30.70
29.20
21.60
13.50
4.90
-0.70
1.20
-2.10
-12.10
-21.50
-19.40
-11.90
-8.00
-6.80
-0.60
8.50
13.80
10.70
5.60
2.30
5.40
9.50
5.90
-10.90
-12.90
9.20
22.90
27.70
25.70
24.00
21.00
16.40
10.40
5.00
0.40
-3.80
-7.80
-8.40
-6.30
-5.80
-7.40
-10.40
-9.10
-1.20
7.50
8.30
3.40
0.60
3.20
1.70
-3.70
-9.80
-10.70
-7.30
-2.90
1.90
6.20
2.70
-4.70
-11.40
-13.80
-15.80
-19.40
-21.90
-20.60
-19.20
-19.10
-19.60
-20.20
-19.80
-15.60
-10.30
-7.60
-11.60
-10.70
-4.80
2.70
5.30
1.40
-0.10
-1.10
-1.30
2.70
9.00
15.30
21.20
22.70
23.00
20.60
15.60
14.50
18.60
20.60
18.50
14.70
12.90
13.50
14.10
8.80
0.50
-7.30
-7.00
-5.10
-3.60
-2.30
-1.20
-1.40
-1.00
0.60
0.00
-3.50
-8.10
-9.90
-7.20
-5.40
-7.00
-7.10
-5.00
-3.20
-6.70
-12.00
-16.30
-9.00
-4.20
-1.90
-0.30
-1.30
-4.00
-6.80
-8.70
-6.10
-2.30
0.80
-1.10
-4.40
-6.00
-5.30
-4.70
-3.70
-3.10
-1.60
-1.10
-1.10
3.70
9.50
7.40
1.20
-1.10
-2.10
-2.80
-3.60
-5.90
-8.50
-9.20
-9.20
-8.90
-3.50
0.60
-4.50
-12.90
-15.80
-11.30
-6.70
-1.10
0.10
1.90
6.70
11.90
16.30
18.20
19.40
20.40
21.50
23.30
26.00
26.80
23.90
22.20
23.40
25.30
22.60
17.50
11.90
5.80
-0.40
-6.10
-11.60
-13.80
-12.60
-12.90
-14.60
-16.40
-15.20
-12.70
-11.50
-11.00
-10.30
-9.20
-8.70
-11.10
-11.90
-8.60
-5.90
-4.20
-2.80
-1.40
-1.00
-2.50
-4.60
-4.60
-2.40
-0.90
-1.80
-2.80
-1.60
-0.90
-1.20
-1.80
-1.30
-3.60
-8.10
-13.40
-15.40
-14.90
-16.60
-20.40
-17.70
-8.30
0.90
0.80
0.40
4.10
8.30
11.80
9.70
7.70
12.30
18.70
17.20
9.70
6.50
10.60
10.80
5.20
0.70
-2.00
-1.20
0.80
-3.40
-11.60
-13.80
-15.10
-16.20
-12.70
-6.60
-3.00
-0.90
4.40
10.40
10.60
10.40
13.70
18.30
17.70
11.10
10.10
12.90
15.60
16.30
17.20
18.60
19.90
16.70
11.60
6.50
3.20
-0.90
-6.80
-12.70
-18.30
-15.80
-11.20
-8.30
-5.40
-3.30
-4.60
-6.70
-9.30
-10.50
-10.20
-11.20
-13.50
-15.90
-18.20
-16.90
-13.70
-10.60
-9.60
-9.10
-5.80
-2.40
-3.60
-5.50
-8.00
-8.00
-6.20
-4.10
-5.00
-7.10
-9.10
-4.00
5.20
6.00
1.10
2.80
8.30
14.50
14.10
9.20
3.50
0.10
0.50
-0.70
-3.30
-6.10
-5.70
-2.80
0.20
3.30
4.90
6.00
6.40
5.10
3.70
4.50
6.40
7.20
5.40
5.30
7.20
8.00
7.90
8.20
9.20
6.80
1.90
-2.90
-1.90
1.10
-0.90
-4.50
-2.30
2.40
7.10
6.80
3.40
1.30
1.00
1.00
0.20
-1.10
-2.60
-3.20
-2.50
-1.90
-5.00
-9.10
-14.00
-15.10
-11.30
-7.30
-6.00
-6.20
-2.60
1.50
6.40
6.80
4.30
5.20
6.10
6.30
6.40
5.60
3.20
0.50
0.40
2.50
4.60
7.00
8.40
6.80
4.50
2.10
-0.60
-1.80
-1.50
-1.80
-2.30
-2.90
-5.40
-9.20
-13.30
-12.90
-9.00
-4.60
-1.00
-1.00
0.40
2.30
4.90
5.40
5.00
7.20
10.10
10.50
6.90
3.30
-0.70
-0.10
2.30
5.30
7.00
7.80
8.30
8.80
3.90
-1.30
-4.10
-5.80
-5.60
-5.20
-5.80
-7.00
-9.70
-12.80
-11.60
-9.00
-7.40
-10.00
-10.20
-7.10
-3.40
2.20
8.10
14.00
14.20
10.00
7.10
7.40
5.00
0.70
-3.50
-3.10
-0.90
-2.00
-7.40
-10.20
-8.50
-5.50
-3.80
-3.60
-3.10
0.80
6.40
10.30
10.20
8.80
8.80
11.20
13.70
14.30
13.30
12.20
11.10
10.90
10.70
8.30
4.20
1.50
0.00
-1.30
-1.50
-1.20
-1.40
-1.60
-1.80
-2.20
-2.20
-1.10
0.40
1.90
3.40
1.70
-2.50
-5.80
-5.00
-4.50
-4.90
-4.60
-4.00
-5.10
-8.40
-9.60
-7.60
-4.80
-3.80
-5.90
-6.90
-5.30
-4.10
-4.00
-3.70
-2.40
-0.40
-0.60
-3.00
-3.20
-1.80
0.20
0.40
-2.20
-1.50
0.00
0.70
1.80
3.70
5.50
4.60
1.70
0.90
1.00
-0.40
-2.90
-1.00
1.80
5.00
5.10
1.40
-0.40
-1.60
-1.80
-1.20
-0.30
-0.30
0.50
2.30
3.50
4.30
4.80
4.20
3.00
4.40
6.50
9.00
8.10
3.80
-0.80
-2.10
-0.20
1.30
1.70
2.10
3.50
3.60
0.90
-0.70
0.40
2.30
3.90
1.80
-1.60
-4.90
-5.80
-5.80
-5.60
-5.60
-7.20
-9.00
-8.50
-7.10
-3.70
-1.80
-1.60
0.50
3.30
5.10
3.00
1.00
1.20
2.00
2.40
0.60
-1.50
-0.20
2.60
4.20
2.90
2.20
1.70
1.30
0.80
0.00
-2.80
-6.00
-10.00
-10.30
-7.60
-4.90
-3.30
-2.00
0.30
3.00
5.70
7.00
7.50
8.00
8.40
8.80
9.20
9.60
9.20
8.90
9.40
10.10
10.80
11.50
10.70
7.90
4.10
0.00
-1.30
-0.40
-1.40
-4.60
-8.10
-10.80
-12.50
-13.80
-12.50
-10.70
-8.40
-8.00
-9.20
-9.00
-8.70
-8.50
-9.30
-10.20
-11.30
-11.80
-11.30
-10.60
-9.60
-8.60
-7.10
-5.30
-3.10
-2.90
-4.20
-5.80
-5.40
-3.40
-1.00
1.00
3.10
4.30
3.90
3.10
4.00
5.90
7.80
7.50
5.70
3.90
4.10
5.50
6.20
5.90
6.00
6.10
5.00
4.50
5.80
7.30
8.00
7.70
7.30
7.00
6.10
2.90
-0.50
-1.30
-3.00
-6.40
-8.70
-6.80
-3.80
-2.90
-2.70
-2.70
-0.30
4.20
6.40
7.40
8.20
8.50
7.10
5.00
3.10
0.80
-0.30
0.50
2.20
2.00
-1.20
-4.40
-4.90
-4.00
-3.00
-1.90
-1.00
-2.80
-5.30
-7.90
-8.60
-8.40
-8.00
-7.00
-4.70
-3.70
-3.90
-3.10
-2.00
-0.80
-0.90
-2.10
-1.10
1.50
3.80
4.40
4.50
4.50
4.50
4.50
4.60
5.70
7.20
8.00
7.70
7.70
6.20
5.30
6.20
6.70
4.20
1.40
0.30
0.00
-1.00
-4.90
-9.60
-10.50
-8.90
-7.80
-9.00
-8.70
-6.00
-3.60
-3.10
-2.90
-2.80
-0.40
2.80
6.40
8.10
7.00
6.00
5.70
5.70
5.70
5.80
7.50
9.90
9.80
7.00
5.40
4.80
4.50
3.20
1.40
-0.60
-2.60
-4.60
-6.60
-8.70
-11.00
-12.60
-12.00
-10.70
-9.40
-9.10
-8.70
-7.10
-5.20
-3.20
-2.70
-3.70
-4.10
-2.80
-0.80
0.50
-0.40
-1.40
-1.20
-0.60
-2.20
-5.20
-5.50
-4.50
-3.50
-2.20
-0.30
1.30
0.50
1.30
4.70
8.10
7.60
5.60
5.70
6.40
7.40
7.60
6.90
6.90
8.10
8.50
6.30
5.30
5.90
6.70
7.40
6.30
4.40
3.60
4.30
3.90
2.00
0.80
0.70
0.80
-0.40
-2.80
-5.00
-5.10
-4.00
-2.90
-1.50
-2.00
-3.80
-2.90
-1.30
0.60
2.40
4.30
5.30
3.50
1.00
-1.40
-2.20
-2.70
-2.90
-3.30
-3.20
-2.50
-1.90
-2.90
-4.40
-5.20
-5.30
-5.30
-5.20
-5.30
-4.50
-2.10
-0.60
0.00
0.50
0.90
1.40
1.50
-0.10
-2.20
-3.80
-3.70
-3.30
-2.70
-2.20
-1.60
-1.00
-0.60
-1.60
-2.80
-2.70
-2.20
-1.80
-2.30
-3.40
-3.50
-3.20
-2.70
-2.20
-1.80
-0.80
1.20
3.20
5.30
5.80
5.00
4.60
4.80
5.10
5.40
5.10
4.50
3.80
3.10
2.90
3.40
4.00
4.60
5.20
5.70
5.70
5.70
4.60
2.80
1.50
1.70
2.20
2.80
3.40
2.30
1.30
1.40
1.60
1.80
0.50
-1.50
-3.70
-5.40
-4.90
-3.60
-2.30
-0.80
0.00
0.10
0.00
0.00
-0.10
-0.10
-1.10
-3.30
-5.40
-6.70
-7.30
-7.90
-8.60
-9.80
-11.10
-12.10
-11.20
-9.40
-7.80
-6.60
-5.40
-1.50
1.40
2.10
2.80
3.30
4.00
4.80
5.70
6.60
7.50
7.50
6.40
5.50
4.20
3.30
0.90
-2.20
-2.60
-2.70
-2.90
-4.20
-5.40
-6.80
-8.10
-7.60
-5.60
-3.60
-1.50
-0.20
0.80
1.70
3.40
5.70
8.00
8.90
8.30
8.00
8.30
8.70
9.40
9.00
6.30
3.00
0.80
-0.20
-1.10
-2.00
-2.80
-3.70
-4.50
-5.40
-5.70
-5.50
-5.20
-5.00
-4.70
-4.50
-4.20
-4.00
-3.80
-3.50
-3.30
-3.00
-2.70
-2.70
-3.00
-3.50
-3.80
-3.40
-2.70
-2.00
-1.30
-0.60
0.10
0.80
1.50
2.10
2.90
2.60
1.10
-0.40
-2.10
-3.50
-3.80
-3.70
-3.60
-3.40
-3.30
-2.30
-0.60
1.30
2.60
2.10
1.20
1.00
1.10
1.20
1.30
2.20
4.00
5.30
5.90
6.50
7.00
7.20
6.50
5.60
4.70
3.80
2.80
2.40
2.90
2.80
2.00
1.10
0.60
0.30
0.00
0.00
0.70
1.60
2.60
3.60
4.60
5.30
4.90
4.30
3.50
2.80
2.10
1.30
1.00
1.20
1.40
2.10
2.90
3.70
3.00
1.70
0.20
-0.80
-1.00
-1.10
-1.50
-2.40
-3.20
-4.10
-4.90
-5.50
-6.10
-6.60
-7.10
-7.00
-6.60
-6.10
-6.10
-6.60
-6.90
-6.60
-6.30
-6.60
-7.20
-7.20
-6.30
-5.50
-5.30
-5.80
-5.30
-3.40
-1.30
0.50
1.80
3.10
4.10
4.50
4.90
5.20
5.60
5.40
4.20
2.70
2.20
2.90
3.80
4.70
4.80
4.70
4.50
4.40
4.20
4.10
3.90
3.70
3.60
3.70
4.10
4.30
3.20
1.70
0.20
-1.40
-1.60
-0.50
0.60
0.20
-1.30
-2.50
-3.30
-3.90
-4.50
-5.20
-5.80
-6.40
-7.00
-7.70
-7.30
-5.80
-4.20
-2.50
-1.50
-1.40
-1.40
-1.40
-1.40
-1.40
-1.40
-1.40
-0.90
0.10
1.10
1.40
0.50
0.10
0.30
0.50
0.60
-0.50
-1.90
-3.40
-3.50
-2.60
-1.40
-0.80
-0.70
-0.70
-0.40
-0.10
0.40
0.40
0.10
-0.30
-0.20
0.20
0.70
1.20
1.60
2.00
2.40
2.70
3.20
3.90
4.70
5.50
6.30
6.20
5.60
5.00
5.40
6.20
7.10
7.90
7.30
6.00
5.60
5.60
5.80
5.80
5.90
5.60
5.10
4.50
3.90
3.30
3.30
3.80
4.10
2.80
0.90
-1.10
-3.10
-4.70
-5.10
-5.20
-5.10
-5.20
-4.10
-1.90
0.10
0.20
-0.30
-0.90
-1.50
-2.10
-2.60
-2.80
-2.80
-3.20
-4.60
-4.90
-3.90
-3.00
-2.50
-2.00
-1.50
-1.00
-0.60
0.00
-0.20
-1.00
-1.90
-1.80
-0.80
0.30
1.40
